`k12a1202` <-
structure(list(minsymvec = structure(c(-404.127205071163, -197.037734394074, 
-73.1422283296825, -35.2534212245354, -213.903760173254, -455.435086983905, 
-264.436992979091, -152.516089490477, 34.0691531021283, -56.4199702162608, 
-111.352867474034, 22.4863758479944, 31.6889538355277, 101.163865952965, 
36.2971155012998, 21.9970624610392, 26.3375330607031, 230.051403620798, 
273.408894744613, 32.5118165933973, 123.735760597277, -360.907816285601, 
-154.997181290823, -52.0950304453069, -35.2303571353604, -266.281233900337, 
-415.918479933696, -244.015195072015, -83.9975344602589, -77.991231919452, 
-51.8420657049057, 19.2138440853938, 69.8550800839466, 79.5768018526521, 
0.647690955180842, 20.9122473574746, 105.655500088318, 238.069996659202, 
265.322107702176, 36.3952852198712, 54.1808055761695, 179.070246760874
), .Names = c("handle_A23", "handle_A25", "handle_A26", "handle_A27", 
"handle_A30", "handle_A32", "handle_A33", "handle_A34", "handle_A37", 
"handle_A38", "handle_A39", "handle_A63", "handle_A65", "handle_A66", 
"handle_A67", "handle_A70", "handle_A72", "handle_A73", "handle_A74", 
"handle_A78", "handle_A79", "node23", "node25", "node26", "node27", 
"node30", "node32", "node33", "node34", "node38", "node39", "node63", 
"node65", "node66", "node67", "node70", "node72", "node73", "node74", 
"node77", "node78", "node79"), class = "minsymvec"), overunderobj = structure(c(40, 
3, 11, 5, 19, 7, 37, 9, 15, 16, 28, 32, 24, 30, 26, 38, 35, 12, 
4, 10, 6, 18, 8, 36, 20, 29, 17, 23, 31, 25, 39, 27), .Dim = c(16L, 
2L)), symobj = structure(list(Mver = structure(c(32, 33, 34, 
39, 26, 38, 27, 16, 29, 24, 31, 23, 30, 25, 28, 15, 22, 21, 20, 
2, 1, 40, 35, 8, 36, 7, 18, 5, 10, 3, 11, 4, 9, 6, 19, 12, 13, 
14), .Dim = c(19L, 2L)), xver = c(17, 37), Mhor = structure(c(32, 
33, 34, 23, 30, 25, 38, 26, 39, 37, 8, 35, 40, 1, 2, 36, 9, 4, 
11, 22, 21, 20, 31, 24, 29, 16, 28, 15, 17, 6, 19, 14, 13, 12, 
18, 5, 10, 3), .Dim = c(19L, 2L)), xhor = c(2, 7), Mrot = NULL, 
    exact_h = NULL, exact_v = NULL, mcdonalds = FALSE, celtic = TRUE, 
    reefknot = FALSE, center_crossing = FALSE, indep = structure(c(FALSE, 
    FALSE, FALSE, FALSE, FALSE, FALSE, FALSE, FALSE, FALSE, FALSE, 
    FALSE, FALSE, FALSE, FALSE, FALSE, FALSE, FALSE, FALSE, FALSE, 
    FALSE, FALSE, FALSE, TRUE, FALSE, TRUE, TRUE, TRUE, FALSE, 
    FALSE, TRUE, FALSE, TRUE, TRUE, TRUE, FALSE, FALSE, TRUE, 
    TRUE, TRUE, FALSE, FALSE, FALSE, FALSE, FALSE, FALSE, FALSE, 
    FALSE, FALSE, FALSE, FALSE, FALSE, FALSE, FALSE, FALSE, FALSE, 
    FALSE, FALSE, FALSE, FALSE, FALSE, FALSE, FALSE, TRUE, FALSE, 
    TRUE, TRUE, TRUE, FALSE, FALSE, TRUE, FALSE, TRUE, TRUE, 
    TRUE, FALSE, FALSE, FALSE, TRUE, TRUE, FALSE, FALSE, FALSE, 
    FALSE, FALSE, FALSE, FALSE, FALSE, FALSE, FALSE, FALSE, FALSE, 
    FALSE, FALSE, FALSE, FALSE, FALSE, FALSE, FALSE, FALSE, FALSE, 
    FALSE, FALSE, TRUE, FALSE, TRUE, TRUE, TRUE, FALSE, FALSE, 
    TRUE, FALSE, TRUE, TRUE, TRUE, FALSE, FALSE, FALSE, TRUE, 
    TRUE, FALSE, FALSE, FALSE, FALSE, FALSE, FALSE, FALSE, FALSE, 
    FALSE, FALSE, FALSE, FALSE, FALSE, FALSE, FALSE, FALSE, FALSE, 
    FALSE, FALSE, FALSE, FALSE, FALSE, FALSE, TRUE, FALSE, TRUE, 
    TRUE, TRUE, FALSE, FALSE, TRUE, FALSE, TRUE, TRUE, TRUE, 
    FALSE, FALSE, TRUE, TRUE, TRUE, FALSE), .Names = c("handle_A1", 
    "handle_A2", "handle_A3", "handle_A4", "handle_A5", "handle_A6", 
    "handle_A7", "handle_A8", "handle_A9", "handle_A10", "handle_A11", 
    "handle_A12", "handle_A13", "handle_A14", "handle_A15", "handle_A16", 
    "handle_A17", "handle_A18", "handle_A19", "handle_A20", "handle_A21", 
    "handle_A22", "handle_A23", "handle_A24", "handle_A25", "handle_A26", 
    "handle_A27", "handle_A28", "handle_A29", "handle_A30", "handle_A31", 
    "handle_A32", "handle_A33", "handle_A34", "handle_A35", "handle_A36", 
    "handle_A37", "handle_A38", "handle_A39", "handle_A40", "handle_A41", 
    "handle_A42", "handle_A43", "handle_A44", "handle_A45", "handle_A46", 
    "handle_A47", "handle_A48", "handle_A49", "handle_A50", "handle_A51", 
    "handle_A52", "handle_A53", "handle_A54", "handle_A55", "handle_A56", 
    "handle_A57", "handle_A58", "handle_A59", "handle_A60", "handle_A61", 
    "handle_A62", "handle_A63", "handle_A64", "handle_A65", "handle_A66", 
    "handle_A67", "handle_A68", "handle_A69", "handle_A70", "handle_A71", 
    "handle_A72", "handle_A73", "handle_A74", "handle_A75", "handle_A76", 
    "handle_A77", "handle_A78", "handle_A79", "handle_A80", "node1", 
    "node2", "node3", "node4", "node5", "node6", "node7", "node8", 
    "node9", "node10", "node11", "node12", "node13", "node14", 
    "node15", "node16", "node17", "node18", "node19", "node20", 
    "node21", "node22", "node23", "node24", "node25", "node26", 
    "node27", "node28", "node29", "node30", "node31", "node32", 
    "node33", "node34", "node35", "node36", "node37", "node38", 
    "node39", "node40", "node41", "node42", "node43", "node44", 
    "node45", "node46", "node47", "node48", "node49", "node50", 
    "node51", "node52", "node53", "node54", "node55", "node56", 
    "node57", "node58", "node59", "node60", "node61", "node62", 
    "node63", "node64", "node65", "node66", "node67", "node68", 
    "node69", "node70", "node71", "node72", "node73", "node74", 
    "node75", "node76", "node77", "node78", "node79", "node80"
    ))), .Names = c("Mver", "xver", "Mhor", "xhor", "Mrot", "exact_h", 
"exact_v", "mcdonalds", "celtic", "reefknot", "center_crossing", 
"indep"))), .Names = c("minsymvec", "overunderobj", "symobj"), class = "knot")
