`k12n838` <-
structure(list(minsymvec = structure(c(-27.6141188200721, -20.2280787486482, 
-29.7947521981466, 7.22707463165723, -43.3956692262025, -109.544143007427, 
-245.082197285163, -267.651125224426, -129.295948179563, 4.86466588110883, 
-94.6286489221053, -250.220040093148, -272.290108321877, -248.00063952244, 
-106.209628649041, 31.6024901337738, -2.47169404132105, -108.069251574351, 
-128.469476315456, -136.523584417816, -10.2670369855968, -411.798983445186, 
-216.063179741577, -152.230306829787, -685.293519970453, -601.503997365216, 
-380.641469398508, -128.47182395417, -42.4766017885005, -240.091265855796, 
-302.444143376849, -403.323869466037, -529.036338142828, -590.545413151585, 
-606.751038585526, -515.407131353706, -397.691895880028, -258.64841431305, 
-174.573614146713, -13.4659191307519, -30.1669989336416, -26.751728373473, 
-26.9301806593718, -77.109510362602, -159.157509802194, -268.313773898401, 
-223.435039786744, -60.1947937410984, -42.2181752707563, -157.876821640555, 
-267.731313385616, -268.77438465723, -196.977322741222, -54.7679213653611, 
29.4479824749846, -45.8403996647125, -117.119410974598, -129.944961618794, 
-98.2328207532748, -463.829819230297, -193.294177912024, -142.161982405317, 
-685.538695854855, -655.503514211526, -493.105244223292, -291.851537983128, 
-86.2735262708098, -63.1686900109946, -271.244444410682, -344.796813811048, 
-447.9175760522, -538.28352938496, -608.696327707084, -577.923677813207, 
-463.86825583563, -351.512463997498, -225.999147398345, -118.291470309357, 
29.9445064436629, 74.1938754946695), .Names = c("handle_A5", 
"handle_A12", "handle_A13", "handle_A19", "handle_A20", "handle_A21", 
"handle_A22", "handle_A23", "handle_A24", "handle_A27", "handle_A28", 
"handle_A29", "handle_A30", "handle_A31", "handle_A32", "handle_A33", 
"handle_A34", "handle_A35", "handle_A36", "handle_A37", "handle_A38", 
"handle_A43", "handle_A50", "handle_A51", "handle_A58", "handle_A59", 
"handle_A60", "handle_A61", "handle_A62", "handle_A65", "handle_A66", 
"handle_A67", "handle_A68", "handle_A69", "handle_A70", "handle_A71", 
"handle_A72", "handle_A73", "handle_A74", "handle_A75", "node5", 
"node12", "node13", "node20", "node21", "node22", "node23", "node24", 
"node27", "node28", "node29", "node30", "node31", "node32", "node33", 
"node34", "node35", "node36", "node37", "node43", "node50", "node51", 
"node57", "node58", "node59", "node60", "node61", "node62", "node65", 
"node66", "node67", "node68", "node69", "node70", "node71", "node72", 
"node73", "node74", "node75", "node76"), class = "minsymvec"), 
    overunderobj = structure(c(2, 11, 5, 33, 7, 17, 27, 14, 32, 
    22, 37, 28, 15, 4, 34, 6, 18, 10, 12, 25, 21, 29, 24, 35), .Dim = c(12L, 
    2L)), symobj = structure(list(Mver = structure(c(37, 23, 
    24, 36, 13, 12, 35, 22, 27, 28, 34, 29, 21, 30, 32, 31, 20, 
    1, 15, 14, 2, 25, 26, 3, 16, 11, 10, 4, 9, 17, 8, 6, 7, 18
    ), .Dim = c(17L, 2L)), xver = c(19, 38), Mhor = NULL, xhor = NULL, 
        Mrot = NULL, exact_h = NULL, exact_v = NULL, mcdonalds = FALSE, 
        celtic = FALSE, reefknot = FALSE, center_crossing = FALSE, 
        indep = structure(c(FALSE, FALSE, FALSE, FALSE, TRUE, 
        FALSE, FALSE, FALSE, FALSE, FALSE, FALSE, TRUE, TRUE, 
        FALSE, FALSE, FALSE, FALSE, FALSE, TRUE, TRUE, TRUE, 
        TRUE, TRUE, TRUE, FALSE, FALSE, TRUE, TRUE, TRUE, TRUE, 
        TRUE, TRUE, TRUE, TRUE, TRUE, TRUE, TRUE, TRUE, FALSE, 
        FALSE, FALSE, FALSE, TRUE, FALSE, FALSE, FALSE, FALSE, 
        FALSE, FALSE, TRUE, TRUE, FALSE, FALSE, FALSE, FALSE, 
        FALSE, FALSE, TRUE, TRUE, TRUE, TRUE, TRUE, FALSE, FALSE, 
        TRUE, TRUE, TRUE, TRUE, TRUE, TRUE, TRUE, TRUE, TRUE, 
        TRUE, TRUE, FALSE, FALSE, FALSE, FALSE, FALSE, TRUE, 
        FALSE, FALSE, FALSE, FALSE, FALSE, FALSE, TRUE, TRUE, 
        FALSE, FALSE, FALSE, FALSE, FALSE, FALSE, TRUE, TRUE, 
        TRUE, TRUE, TRUE, FALSE, FALSE, TRUE, TRUE, TRUE, TRUE, 
        TRUE, TRUE, TRUE, TRUE, TRUE, TRUE, TRUE, FALSE, FALSE, 
        FALSE, FALSE, FALSE, TRUE, FALSE, FALSE, FALSE, FALSE, 
        FALSE, FALSE, TRUE, TRUE, FALSE, FALSE, FALSE, FALSE, 
        FALSE, TRUE, TRUE, TRUE, TRUE, TRUE, TRUE, FALSE, FALSE, 
        TRUE, TRUE, TRUE, TRUE, TRUE, TRUE, TRUE, TRUE, TRUE, 
        TRUE, TRUE, TRUE), .Names = c("handle_A1", "handle_A2", 
        "handle_A3", "handle_A4", "handle_A5", "handle_A6", "handle_A7", 
        "handle_A8", "handle_A9", "handle_A10", "handle_A11", 
        "handle_A12", "handle_A13", "handle_A14", "handle_A15", 
        "handle_A16", "handle_A17", "handle_A18", "handle_A19", 
        "handle_A20", "handle_A21", "handle_A22", "handle_A23", 
        "handle_A24", "handle_A25", "handle_A26", "handle_A27", 
        "handle_A28", "handle_A29", "handle_A30", "handle_A31", 
        "handle_A32", "handle_A33", "handle_A34", "handle_A35", 
        "handle_A36", "handle_A37", "handle_A38", "handle_A39", 
        "handle_A40", "handle_A41", "handle_A42", "handle_A43", 
        "handle_A44", "handle_A45", "handle_A46", "handle_A47", 
        "handle_A48", "handle_A49", "handle_A50", "handle_A51", 
        "handle_A52", "handle_A53", "handle_A54", "handle_A55", 
        "handle_A56", "handle_A57", "handle_A58", "handle_A59", 
        "handle_A60", "handle_A61", "handle_A62", "handle_A63", 
        "handle_A64", "handle_A65", "handle_A66", "handle_A67", 
        "handle_A68", "handle_A69", "handle_A70", "handle_A71", 
        "handle_A72", "handle_A73", "handle_A74", "handle_A75", 
        "handle_A76", "node1", "node2", "node3", "node4", "node5", 
        "node6", "node7", "node8", "node9", "node10", "node11", 
        "node12", "node13", "node14", "node15", "node16", "node17", 
        "node18", "node19", "node20", "node21", "node22", "node23", 
        "node24", "node25", "node26", "node27", "node28", "node29", 
        "node30", "node31", "node32", "node33", "node34", "node35", 
        "node36", "node37", "node38", "node39", "node40", "node41", 
        "node42", "node43", "node44", "node45", "node46", "node47", 
        "node48", "node49", "node50", "node51", "node52", "node53", 
        "node54", "node55", "node56", "node57", "node58", "node59", 
        "node60", "node61", "node62", "node63", "node64", "node65", 
        "node66", "node67", "node68", "node69", "node70", "node71", 
        "node72", "node73", "node74", "node75", "node76"))), .Names = c("Mver", 
    "xver", "Mhor", "xhor", "Mrot", "exact_h", "exact_v", "mcdonalds", 
    "celtic", "reefknot", "center_crossing", "indep"))), .Names = c("minsymvec", 
"overunderobj", "symobj"), class = "knot")
