`k12n838` <-
structure(list(minsymvec = structure(c(-26.9043603036453, -20.4745605018455, 
-29.7523359542063, 7.48082205875625, -43.8854178954065, -110.421177525099, 
-247.487029341589, -263.490308304906, -131.720064984793, 5.05055341675627, 
-93.8716630771389, -250.890399317388, -272.016572744978, -247.297174596865, 
-105.455845525943, -3.04501682493903, -107.929237956902, -128.804907581632, 
-137.440478602588, -11.7362140574723, -416.43702927063, -220.496459784645, 
-156.003893733096, -689.346916857318, -601.958723806892, -382.251585171135, 
-128.88058562576, -46.7427068663419, -244.700071735588, -306.60339736461, 
-408.160588862224, -534.971983093782, -595.504323950637, -610.272679740648, 
-402.506465988983, -262.908018692078, -184.505706636125, -18.1377749297855, 
-29.5719158857565, -26.9755558520196, -27.0149176857306, -77.641892447366, 
-160.088341658602, -269.088896457718, -221.145196784462, -61.3689000408099, 
-42.3717048060659, -157.963081547689, -268.251180944301, -268.50782145591, 
-196.16616426902, -54.6061304401285, -46.350668686462, -116.381661589896, 
-130.405752902642, -99.2651289435096, -468.274830551827, -197.433853696011, 
-146.438373139011, -689.653364980983, -659.059689451512, -495.222680260775, 
-291.657501246399, -89.4868102109441, -67.1553386014139, -276.070292998633, 
-349.473870445281, -453.287843707007, -543.851462625893, -613.102163277197, 
-581.960470392454, -356.152333318607, -234.548434694968, -124.85026471065, 
25.5157550151128, 70.4098475748573), .Names = c("handle_A5", 
"handle_A12", "handle_A13", "handle_A19", "handle_A20", "handle_A21", 
"handle_A22", "handle_A23", "handle_A24", "handle_A27", "handle_A28", 
"handle_A29", "handle_A30", "handle_A31", "handle_A32", "handle_A34", 
"handle_A35", "handle_A36", "handle_A37", "handle_A38", "handle_A43", 
"handle_A50", "handle_A51", "handle_A58", "handle_A59", "handle_A60", 
"handle_A61", "handle_A62", "handle_A65", "handle_A66", "handle_A67", 
"handle_A68", "handle_A69", "handle_A70", "handle_A72", "handle_A73", 
"handle_A74", "handle_A75", "node5", "node12", "node13", "node20", 
"node21", "node22", "node23", "node24", "node27", "node28", "node29", 
"node30", "node31", "node32", "node34", "node35", "node36", "node37", 
"node43", "node50", "node51", "node57", "node58", "node59", "node60", 
"node61", "node62", "node65", "node66", "node67", "node68", "node69", 
"node70", "node72", "node73", "node74", "node75", "node76"), class = "minsymvec"), 
    overunderobj = structure(c(2, 11, 5, 33, 7, 17, 27, 14, 32, 
    22, 37, 28, 15, 4, 34, 6, 18, 10, 12, 25, 21, 29, 24, 35), .Dim = c(12L, 
    2L)), symobj = structure(list(Mver = structure(c(37, 24, 
    23, 22, 36, 35, 13, 12, 27, 28, 34, 5, 29, 30, 21, 32, 31, 
    20, 1, 14, 15, 16, 2, 3, 25, 26, 11, 10, 4, 33, 9, 8, 17, 
    6, 7, 18), .Dim = c(18L, 2L)), xver = c(19, 38), Mhor = NULL, 
        xhor = NULL, Mrot = NULL, exact_h = NULL, exact_v = NULL, 
        mcdonalds = FALSE, celtic = FALSE, reefknot = FALSE, 
        center_crossing = FALSE, indep = structure(c(FALSE, FALSE, 
        FALSE, FALSE, TRUE, FALSE, FALSE, FALSE, FALSE, FALSE, 
        FALSE, TRUE, TRUE, FALSE, FALSE, FALSE, FALSE, FALSE, 
        TRUE, TRUE, TRUE, TRUE, TRUE, TRUE, FALSE, FALSE, TRUE, 
        TRUE, TRUE, TRUE, TRUE, TRUE, FALSE, TRUE, TRUE, TRUE, 
        TRUE, TRUE, FALSE, FALSE, FALSE, FALSE, TRUE, FALSE, 
        FALSE, FALSE, FALSE, FALSE, FALSE, TRUE, TRUE, FALSE, 
        FALSE, FALSE, FALSE, FALSE, FALSE, TRUE, TRUE, TRUE, 
        TRUE, TRUE, FALSE, FALSE, TRUE, TRUE, TRUE, TRUE, TRUE, 
        TRUE, FALSE, TRUE, TRUE, TRUE, TRUE, FALSE, FALSE, FALSE, 
        FALSE, FALSE, TRUE, FALSE, FALSE, FALSE, FALSE, FALSE, 
        FALSE, TRUE, TRUE, FALSE, FALSE, FALSE, FALSE, FALSE, 
        FALSE, TRUE, TRUE, TRUE, TRUE, TRUE, FALSE, FALSE, TRUE, 
        TRUE, TRUE, TRUE, TRUE, TRUE, FALSE, TRUE, TRUE, TRUE, 
        TRUE, FALSE, FALSE, FALSE, FALSE, FALSE, TRUE, FALSE, 
        FALSE, FALSE, FALSE, FALSE, FALSE, TRUE, TRUE, FALSE, 
        FALSE, FALSE, FALSE, FALSE, TRUE, TRUE, TRUE, TRUE, TRUE, 
        TRUE, FALSE, FALSE, TRUE, TRUE, TRUE, TRUE, TRUE, TRUE, 
        FALSE, TRUE, TRUE, TRUE, TRUE, TRUE), .Names = c("handle_A1", 
        "handle_A2", "handle_A3", "handle_A4", "handle_A5", "handle_A6", 
        "handle_A7", "handle_A8", "handle_A9", "handle_A10", 
        "handle_A11", "handle_A12", "handle_A13", "handle_A14", 
        "handle_A15", "handle_A16", "handle_A17", "handle_A18", 
        "handle_A19", "handle_A20", "handle_A21", "handle_A22", 
        "handle_A23", "handle_A24", "handle_A25", "handle_A26", 
        "handle_A27", "handle_A28", "handle_A29", "handle_A30", 
        "handle_A31", "handle_A32", "handle_A33", "handle_A34", 
        "handle_A35", "handle_A36", "handle_A37", "handle_A38", 
        "handle_A39", "handle_A40", "handle_A41", "handle_A42", 
        "handle_A43", "handle_A44", "handle_A45", "handle_A46", 
        "handle_A47", "handle_A48", "handle_A49", "handle_A50", 
        "handle_A51", "handle_A52", "handle_A53", "handle_A54", 
        "handle_A55", "handle_A56", "handle_A57", "handle_A58", 
        "handle_A59", "handle_A60", "handle_A61", "handle_A62", 
        "handle_A63", "handle_A64", "handle_A65", "handle_A66", 
        "handle_A67", "handle_A68", "handle_A69", "handle_A70", 
        "handle_A71", "handle_A72", "handle_A73", "handle_A74", 
        "handle_A75", "handle_A76", "node1", "node2", "node3", 
        "node4", "node5", "node6", "node7", "node8", "node9", 
        "node10", "node11", "node12", "node13", "node14", "node15", 
        "node16", "node17", "node18", "node19", "node20", "node21", 
        "node22", "node23", "node24", "node25", "node26", "node27", 
        "node28", "node29", "node30", "node31", "node32", "node33", 
        "node34", "node35", "node36", "node37", "node38", "node39", 
        "node40", "node41", "node42", "node43", "node44", "node45", 
        "node46", "node47", "node48", "node49", "node50", "node51", 
        "node52", "node53", "node54", "node55", "node56", "node57", 
        "node58", "node59", "node60", "node61", "node62", "node63", 
        "node64", "node65", "node66", "node67", "node68", "node69", 
        "node70", "node71", "node72", "node73", "node74", "node75", 
        "node76"))), .Names = c("Mver", "xver", "Mhor", "xhor", 
    "Mrot", "exact_h", "exact_v", "mcdonalds", "celtic", "reefknot", 
    "center_crossing", "indep"))), .Names = c("minsymvec", "overunderobj", 
"symobj"), class = "knot")
