`k12n838` <-
structure(list(minsymvec = structure(c(-20.3947775201153, -29.7504092801356, 
7.64246342921712, -44.6644938734658, -111.412675071902, -245.965068756373, 
-263.321603935057, -129.106749064766, 5.6012570599032, -92.2373534752338, 
-251.438382248568, -272.75099378052, -248.858303511517, -107.741270294424, 
32.3374964832545, -3.16686704198975, -117.116589891631, -133.938071559383, 
-11.2264152942127, -217.928667988446, -155.628199059633, -690.103358330014, 
-601.168749544921, -380.979873061022, -128.813048246164, -46.4959534238946, 
-242.381859534362, -303.293239281452, -405.122076222385, -532.021153785161, 
-591.207085332751, -608.875565589006, -517.157540798668, -398.089572983046, 
-266.714583608507, -13.7591016595258, -26.6842238546324, -26.8454579944684, 
-79.0189999593084, -160.236442797917, -268.038903816015, -220.412831144861, 
-60.1362652294225, -42.7548701971861, -157.030970352207, -268.920667478736, 
-269.348257928517, -198.590391774223, -55.3662891778683, 30.0428896750937, 
-42.5678326807547, -125.533074467466, -96.4661184392256, -195.770331254115, 
-145.339289689226, -690.420220223879, -658.970261620141, -493.529329949392, 
-291.307581691747, -89.1354894348296, -66.6421137300941, -273.911616961285, 
-345.935984193982, -450.159729535938, -540.712838257069, -609.566526355343, 
-580.068874078866, -465.569239552206, -356.016284385735, -161.191979318122, 
28.2220790462555, 71.3352225033975), .Names = c("handle_A11", 
"handle_A12", "handle_A18", "handle_A19", "handle_A20", "handle_A21", 
"handle_A22", "handle_A23", "handle_A26", "handle_A27", "handle_A28", 
"handle_A29", "handle_A30", "handle_A31", "handle_A32", "handle_A33", 
"handle_A34", "handle_A35", "handle_A36", "handle_A47", "handle_A48", 
"handle_A55", "handle_A56", "handle_A57", "handle_A58", "handle_A59", 
"handle_A62", "handle_A63", "handle_A64", "handle_A65", "handle_A66", 
"handle_A67", "handle_A68", "handle_A69", "handle_A70", "handle_A71", 
"node11", "node12", "node19", "node20", "node21", "node22", "node23", 
"node26", "node27", "node28", "node29", "node30", "node31", "node32", 
"node33", "node34", "node35", "node47", "node48", "node54", "node55", 
"node56", "node57", "node58", "node59", "node62", "node63", "node64", 
"node65", "node66", "node67", "node68", "node69", "node70", "node71", 
"node72"), class = "minsymvec"), overunderobj = structure(c(2, 
10, 4, 32, 6, 16, 26, 31, 21, 35, 13, 27, 14, 3, 33, 5, 17, 9, 
11, 20, 28, 23, 24, 34), .Dim = c(12L, 2L)), symobj = structure(list(
    Mver = structure(c(35, 23, 22, 12, 11, 34, 26, 21, 27, 33, 
    28, 20, 32, 29, 30, 31, 19, 1, 13, 14, 24, 25, 2, 10, 15, 
    9, 3, 8, 16, 4, 7, 6, 5, 17), .Dim = c(17L, 2L)), xver = c(18, 
    36), Mhor = NULL, xhor = NULL, Mrot = NULL, exact_h = NULL, 
    exact_v = NULL, mcdonalds = FALSE, celtic = FALSE, reefknot = FALSE, 
    center_crossing = FALSE, indep = structure(c(FALSE, FALSE, 
    FALSE, FALSE, FALSE, FALSE, FALSE, FALSE, FALSE, FALSE, TRUE, 
    TRUE, FALSE, FALSE, FALSE, FALSE, FALSE, TRUE, TRUE, TRUE, 
    TRUE, TRUE, TRUE, FALSE, FALSE, TRUE, TRUE, TRUE, TRUE, TRUE, 
    TRUE, TRUE, TRUE, TRUE, TRUE, TRUE, FALSE, FALSE, FALSE, 
    FALSE, FALSE, FALSE, FALSE, FALSE, FALSE, FALSE, TRUE, TRUE, 
    FALSE, FALSE, FALSE, FALSE, FALSE, FALSE, TRUE, TRUE, TRUE, 
    TRUE, TRUE, FALSE, FALSE, TRUE, TRUE, TRUE, TRUE, TRUE, TRUE, 
    TRUE, TRUE, TRUE, TRUE, FALSE, FALSE, FALSE, FALSE, FALSE, 
    FALSE, FALSE, FALSE, FALSE, FALSE, FALSE, TRUE, TRUE, FALSE, 
    FALSE, FALSE, FALSE, FALSE, FALSE, TRUE, TRUE, TRUE, TRUE, 
    TRUE, FALSE, FALSE, TRUE, TRUE, TRUE, TRUE, TRUE, TRUE, TRUE, 
    TRUE, TRUE, TRUE, FALSE, FALSE, FALSE, FALSE, FALSE, FALSE, 
    FALSE, FALSE, FALSE, FALSE, FALSE, TRUE, TRUE, FALSE, FALSE, 
    FALSE, FALSE, FALSE, TRUE, TRUE, TRUE, TRUE, TRUE, TRUE, 
    FALSE, FALSE, TRUE, TRUE, TRUE, TRUE, TRUE, TRUE, TRUE, TRUE, 
    TRUE, TRUE, TRUE), .Names = c("handle_A1", "handle_A2", "handle_A3", 
    "handle_A4", "handle_A5", "handle_A6", "handle_A7", "handle_A8", 
    "handle_A9", "handle_A10", "handle_A11", "handle_A12", "handle_A13", 
    "handle_A14", "handle_A15", "handle_A16", "handle_A17", "handle_A18", 
    "handle_A19", "handle_A20", "handle_A21", "handle_A22", "handle_A23", 
    "handle_A24", "handle_A25", "handle_A26", "handle_A27", "handle_A28", 
    "handle_A29", "handle_A30", "handle_A31", "handle_A32", "handle_A33", 
    "handle_A34", "handle_A35", "handle_A36", "handle_A37", "handle_A38", 
    "handle_A39", "handle_A40", "handle_A41", "handle_A42", "handle_A43", 
    "handle_A44", "handle_A45", "handle_A46", "handle_A47", "handle_A48", 
    "handle_A49", "handle_A50", "handle_A51", "handle_A52", "handle_A53", 
    "handle_A54", "handle_A55", "handle_A56", "handle_A57", "handle_A58", 
    "handle_A59", "handle_A60", "handle_A61", "handle_A62", "handle_A63", 
    "handle_A64", "handle_A65", "handle_A66", "handle_A67", "handle_A68", 
    "handle_A69", "handle_A70", "handle_A71", "handle_A72", "node1", 
    "node2", "node3", "node4", "node5", "node6", "node7", "node8", 
    "node9", "node10", "node11", "node12", "node13", "node14", 
    "node15", "node16", "node17", "node18", "node19", "node20", 
    "node21", "node22", "node23", "node24", "node25", "node26", 
    "node27", "node28", "node29", "node30", "node31", "node32", 
    "node33", "node34", "node35", "node36", "node37", "node38", 
    "node39", "node40", "node41", "node42", "node43", "node44", 
    "node45", "node46", "node47", "node48", "node49", "node50", 
    "node51", "node52", "node53", "node54", "node55", "node56", 
    "node57", "node58", "node59", "node60", "node61", "node62", 
    "node63", "node64", "node65", "node66", "node67", "node68", 
    "node69", "node70", "node71", "node72"))), .Names = c("Mver", 
"xver", "Mhor", "xhor", "Mrot", "exact_h", "exact_v", "mcdonalds", 
"celtic", "reefknot", "center_crossing", "indep"))), .Names = c("minsymvec", 
"overunderobj", "symobj"), class = "knot")
