`k12n838` <-
structure(list(minsymvec = structure(c(-20.3825906232638, -29.7858606195444, 
7.48926120422391, -44.6025965718337, -110.960308336568, -246.359846363742, 
-262.701054491527, -128.498984777908, 5.13120767248045, -92.0435676579807, 
-251.17468084567, -272.748065139422, -248.745585745158, -107.238883435487, 
32.9156803201219, -3.86647862144104, -117.006415741737, -132.911095766513, 
-11.2672411522983, -218.350669386774, -155.714818802204, -689.861353253143, 
-601.431497073364, -380.43025640918, -128.499940497473, -46.3521620641486, 
-242.900058835184, -303.300254843659, -404.926311776455, -531.882172367053, 
-591.695478173957, -609.368817434984, -516.895971021897, -397.45866700108, 
-267.028299272423, -12.4057407772912, -26.7302510278793, -26.8619306729259, 
-78.7719061317758, -159.758563992788, -268.005030783285, -219.837785704149, 
-59.8562880117816, -42.6986344397641, -156.962354847563, -268.722973979171, 
-269.304674226164, -198.213317356454, -54.8833086122364, 30.2517293121373, 
-42.5581752335916, -125.354577208068, -95.5804772006139, -196.055886417082, 
-145.402579959947, -690.142126827544, -658.804634365718, -493.957051531225, 
-290.738206018962, -88.8880122283893, -66.7241257094239, -274.070375187625, 
-345.979213909069, -449.942555171695, -540.746212880282, -610.164177372798, 
-580.509914529555, -465.270125482351, -355.997537793787, -160.694849209136, 
28.8372412371513, 71.2515904470557), .Names = c("handle_A11", 
"handle_A12", "handle_A18", "handle_A19", "handle_A20", "handle_A21", 
"handle_A22", "handle_A23", "handle_A26", "handle_A27", "handle_A28", 
"handle_A29", "handle_A30", "handle_A31", "handle_A32", "handle_A33", 
"handle_A34", "handle_A35", "handle_A36", "handle_A47", "handle_A48", 
"handle_A55", "handle_A56", "handle_A57", "handle_A58", "handle_A59", 
"handle_A62", "handle_A63", "handle_A64", "handle_A65", "handle_A66", 
"handle_A67", "handle_A68", "handle_A69", "handle_A70", "handle_A71", 
"node11", "node12", "node19", "node20", "node21", "node22", "node23", 
"node26", "node27", "node28", "node29", "node30", "node31", "node32", 
"node33", "node34", "node35", "node47", "node48", "node54", "node55", 
"node56", "node57", "node58", "node59", "node62", "node63", "node64", 
"node65", "node66", "node67", "node68", "node69", "node70", "node71", 
"node72"), class = "minsymvec"), overunderobj = structure(c(2, 
10, 4, 32, 6, 16, 26, 31, 21, 35, 13, 27, 14, 3, 33, 5, 17, 9, 
11, 20, 28, 23, 24, 34), .Dim = c(12L, 2L)), symobj = structure(list(
    Mver = structure(c(35, 23, 22, 12, 11, 34, 26, 21, 27, 33, 
    28, 20, 32, 29, 30, 31, 19, 1, 13, 14, 24, 25, 2, 10, 15, 
    9, 3, 8, 16, 4, 7, 6, 5, 17), .Dim = c(17L, 2L)), xver = c(18, 
    36), Mhor = NULL, xhor = NULL, Mrot = NULL, exact_h = NULL, 
    exact_v = NULL, mcdonalds = FALSE, celtic = FALSE, reefknot = FALSE, 
    center_crossing = FALSE, indep = structure(c(FALSE, FALSE, 
    FALSE, FALSE, FALSE, FALSE, FALSE, FALSE, FALSE, FALSE, TRUE, 
    TRUE, FALSE, FALSE, FALSE, FALSE, FALSE, TRUE, TRUE, TRUE, 
    TRUE, TRUE, TRUE, FALSE, FALSE, TRUE, TRUE, TRUE, TRUE, TRUE, 
    TRUE, TRUE, TRUE, TRUE, TRUE, TRUE, FALSE, FALSE, FALSE, 
    FALSE, FALSE, FALSE, FALSE, FALSE, FALSE, FALSE, TRUE, TRUE, 
    FALSE, FALSE, FALSE, FALSE, FALSE, FALSE, TRUE, TRUE, TRUE, 
    TRUE, TRUE, FALSE, FALSE, TRUE, TRUE, TRUE, TRUE, TRUE, TRUE, 
    TRUE, TRUE, TRUE, TRUE, FALSE, FALSE, FALSE, FALSE, FALSE, 
    FALSE, FALSE, FALSE, FALSE, FALSE, FALSE, TRUE, TRUE, FALSE, 
    FALSE, FALSE, FALSE, FALSE, FALSE, TRUE, TRUE, TRUE, TRUE, 
    TRUE, FALSE, FALSE, TRUE, TRUE, TRUE, TRUE, TRUE, TRUE, TRUE, 
    TRUE, TRUE, TRUE, FALSE, FALSE, FALSE, FALSE, FALSE, FALSE, 
    FALSE, FALSE, FALSE, FALSE, FALSE, TRUE, TRUE, FALSE, FALSE, 
    FALSE, FALSE, FALSE, TRUE, TRUE, TRUE, TRUE, TRUE, TRUE, 
    FALSE, FALSE, TRUE, TRUE, TRUE, TRUE, TRUE, TRUE, TRUE, TRUE, 
    TRUE, TRUE, TRUE), .Names = c("handle_A1", "handle_A2", "handle_A3", 
    "handle_A4", "handle_A5", "handle_A6", "handle_A7", "handle_A8", 
    "handle_A9", "handle_A10", "handle_A11", "handle_A12", "handle_A13", 
    "handle_A14", "handle_A15", "handle_A16", "handle_A17", "handle_A18", 
    "handle_A19", "handle_A20", "handle_A21", "handle_A22", "handle_A23", 
    "handle_A24", "handle_A25", "handle_A26", "handle_A27", "handle_A28", 
    "handle_A29", "handle_A30", "handle_A31", "handle_A32", "handle_A33", 
    "handle_A34", "handle_A35", "handle_A36", "handle_A37", "handle_A38", 
    "handle_A39", "handle_A40", "handle_A41", "handle_A42", "handle_A43", 
    "handle_A44", "handle_A45", "handle_A46", "handle_A47", "handle_A48", 
    "handle_A49", "handle_A50", "handle_A51", "handle_A52", "handle_A53", 
    "handle_A54", "handle_A55", "handle_A56", "handle_A57", "handle_A58", 
    "handle_A59", "handle_A60", "handle_A61", "handle_A62", "handle_A63", 
    "handle_A64", "handle_A65", "handle_A66", "handle_A67", "handle_A68", 
    "handle_A69", "handle_A70", "handle_A71", "handle_A72", "node1", 
    "node2", "node3", "node4", "node5", "node6", "node7", "node8", 
    "node9", "node10", "node11", "node12", "node13", "node14", 
    "node15", "node16", "node17", "node18", "node19", "node20", 
    "node21", "node22", "node23", "node24", "node25", "node26", 
    "node27", "node28", "node29", "node30", "node31", "node32", 
    "node33", "node34", "node35", "node36", "node37", "node38", 
    "node39", "node40", "node41", "node42", "node43", "node44", 
    "node45", "node46", "node47", "node48", "node49", "node50", 
    "node51", "node52", "node53", "node54", "node55", "node56", 
    "node57", "node58", "node59", "node60", "node61", "node62", 
    "node63", "node64", "node65", "node66", "node67", "node68", 
    "node69", "node70", "node71", "node72"))), .Names = c("Mver", 
"xver", "Mhor", "xhor", "Mrot", "exact_h", "exact_v", "mcdonalds", 
"celtic", "reefknot", "center_crossing", "indep"))), .Names = c("minsymvec", 
"overunderobj", "symobj"), class = "knot")
