`k12n838` <-
structure(list(minsymvec = structure(c(-19.9850737482883, -35.1078591410112, 
26.1244404458612, -62.5680638623166, -130.813790979521, -245.665068256929, 
-244.073046312591, -102.072878615338, -5.28790756280813, -89.2057507605417, 
-234.160457545918, -256.389750148287, -223.453279938231, -93.5916259476036, 
33.5426312929485, -26.4518389541841, -119.454671126386, -119.830587644818, 
-33.4309125377101, -239.439460714176, -176.761482296945, -668.346811371117, 
-500.437943135093, -332.139273327266, -167.492746477023, -84.5747289654807, 
-272.129474457299, -320.852095013842, -413.837171329489, -500.380282548207, 
-555.410247418714, -565.739993198113, -489.562893328725, -377.084550127014, 
-289.712094913057, -70.0975166078511, -27.7206865385203, -24.5426946253587, 
-94.5648202426126, -159.610572325495, -252.053239869355, -200.332407182683, 
-56.5932239221361, -48.2576556573198, -141.435534686418, -248.64950753614, 
-247.985997908857, -183.266754409082, -47.3704111158499, 24.4093868411227, 
-55.9907989021342, -124.888735834331, -98.6738548977917, -218.52488849411, 
-153.996858266684, -675.106489428398, -627.562793747585, -446.991417301716, 
-270.697741912148, -115.919002171923, -93.7295089724237, -293.073226591888, 
-351.236421923044, -443.9651014994, -517.14423371873, -570.075926070916, 
-546.531757099156, -443.952418759123, -356.480857506706, -236.757255289163, 
-37.1533877445534, 6.29365074791053), .Names = c("handle_A11", 
"handle_A12", "handle_A18", "handle_A19", "handle_A20", "handle_A21", 
"handle_A22", "handle_A23", "handle_A26", "handle_A27", "handle_A28", 
"handle_A29", "handle_A30", "handle_A31", "handle_A32", "handle_A33", 
"handle_A34", "handle_A35", "handle_A36", "handle_A47", "handle_A48", 
"handle_A55", "handle_A56", "handle_A57", "handle_A58", "handle_A59", 
"handle_A62", "handle_A63", "handle_A64", "handle_A65", "handle_A66", 
"handle_A67", "handle_A68", "handle_A69", "handle_A70", "handle_A71", 
"node11", "node12", "node19", "node20", "node21", "node22", "node23", 
"node26", "node27", "node28", "node29", "node30", "node31", "node32", 
"node33", "node34", "node35", "node47", "node48", "node54", "node55", 
"node56", "node57", "node58", "node59", "node62", "node63", "node64", 
"node65", "node66", "node67", "node68", "node69", "node70", "node71", 
"node72"), class = "minsymvec"), overunderobj = structure(c(2, 
10, 4, 32, 6, 16, 26, 31, 21, 35, 13, 27, 14, 3, 33, 5, 17, 9, 
11, 20, 28, 23, 24, 34), .Dim = c(12L, 2L)), symobj = structure(list(
    Mver = structure(c(35, 23, 22, 12, 11, 34, 26, 21, 27, 33, 
    28, 20, 32, 29, 30, 31, 19, 1, 13, 14, 24, 25, 2, 10, 15, 
    9, 3, 8, 16, 4, 7, 6, 5, 17), .Dim = c(17L, 2L)), xver = c(18, 
    36), Mhor = NULL, xhor = NULL, Mrot = NULL, exact_h = NULL, 
    exact_v = NULL, mcdonalds = FALSE, celtic = FALSE, reefknot = FALSE, 
    center_crossing = FALSE, indep = structure(c(FALSE, FALSE, 
    FALSE, FALSE, FALSE, FALSE, FALSE, FALSE, FALSE, FALSE, TRUE, 
    TRUE, FALSE, FALSE, FALSE, FALSE, FALSE, TRUE, TRUE, TRUE, 
    TRUE, TRUE, TRUE, FALSE, FALSE, TRUE, TRUE, TRUE, TRUE, TRUE, 
    TRUE, TRUE, TRUE, TRUE, TRUE, TRUE, FALSE, FALSE, FALSE, 
    FALSE, FALSE, FALSE, FALSE, FALSE, FALSE, FALSE, TRUE, TRUE, 
    FALSE, FALSE, FALSE, FALSE, FALSE, FALSE, TRUE, TRUE, TRUE, 
    TRUE, TRUE, FALSE, FALSE, TRUE, TRUE, TRUE, TRUE, TRUE, TRUE, 
    TRUE, TRUE, TRUE, TRUE, FALSE, FALSE, FALSE, FALSE, FALSE, 
    FALSE, FALSE, FALSE, FALSE, FALSE, FALSE, TRUE, TRUE, FALSE, 
    FALSE, FALSE, FALSE, FALSE, FALSE, TRUE, TRUE, TRUE, TRUE, 
    TRUE, FALSE, FALSE, TRUE, TRUE, TRUE, TRUE, TRUE, TRUE, TRUE, 
    TRUE, TRUE, TRUE, FALSE, FALSE, FALSE, FALSE, FALSE, FALSE, 
    FALSE, FALSE, FALSE, FALSE, FALSE, TRUE, TRUE, FALSE, FALSE, 
    FALSE, FALSE, FALSE, TRUE, TRUE, TRUE, TRUE, TRUE, TRUE, 
    FALSE, FALSE, TRUE, TRUE, TRUE, TRUE, TRUE, TRUE, TRUE, TRUE, 
    TRUE, TRUE, TRUE), .Names = c("handle_A1", "handle_A2", "handle_A3", 
    "handle_A4", "handle_A5", "handle_A6", "handle_A7", "handle_A8", 
    "handle_A9", "handle_A10", "handle_A11", "handle_A12", "handle_A13", 
    "handle_A14", "handle_A15", "handle_A16", "handle_A17", "handle_A18", 
    "handle_A19", "handle_A20", "handle_A21", "handle_A22", "handle_A23", 
    "handle_A24", "handle_A25", "handle_A26", "handle_A27", "handle_A28", 
    "handle_A29", "handle_A30", "handle_A31", "handle_A32", "handle_A33", 
    "handle_A34", "handle_A35", "handle_A36", "handle_A37", "handle_A38", 
    "handle_A39", "handle_A40", "handle_A41", "handle_A42", "handle_A43", 
    "handle_A44", "handle_A45", "handle_A46", "handle_A47", "handle_A48", 
    "handle_A49", "handle_A50", "handle_A51", "handle_A52", "handle_A53", 
    "handle_A54", "handle_A55", "handle_A56", "handle_A57", "handle_A58", 
    "handle_A59", "handle_A60", "handle_A61", "handle_A62", "handle_A63", 
    "handle_A64", "handle_A65", "handle_A66", "handle_A67", "handle_A68", 
    "handle_A69", "handle_A70", "handle_A71", "handle_A72", "node1", 
    "node2", "node3", "node4", "node5", "node6", "node7", "node8", 
    "node9", "node10", "node11", "node12", "node13", "node14", 
    "node15", "node16", "node17", "node18", "node19", "node20", 
    "node21", "node22", "node23", "node24", "node25", "node26", 
    "node27", "node28", "node29", "node30", "node31", "node32", 
    "node33", "node34", "node35", "node36", "node37", "node38", 
    "node39", "node40", "node41", "node42", "node43", "node44", 
    "node45", "node46", "node47", "node48", "node49", "node50", 
    "node51", "node52", "node53", "node54", "node55", "node56", 
    "node57", "node58", "node59", "node60", "node61", "node62", 
    "node63", "node64", "node65", "node66", "node67", "node68", 
    "node69", "node70", "node71", "node72"))), .Names = c("Mver", 
"xver", "Mhor", "xhor", "Mrot", "exact_h", "exact_v", "mcdonalds", 
"celtic", "reefknot", "center_crossing", "indep"))), .Names = c("minsymvec", 
"overunderobj", "symobj"), class = "knot")
