`k12n838` <-
structure(list(minsymvec = structure(c(-26.9356449231894, -20.4802254638888, 
-29.7464064920145, 7.5529410929737, -43.5484686795859, -110.418070849157, 
-247.473009270622, -263.569328940192, -131.744867436438, 5.08973468896765, 
-93.8404009291152, -250.880541913305, -272.025094258652, -247.280910551461, 
-105.521748052411, -3.05958837287674, -107.870908954481, -128.648515190976, 
-137.443610072019, -11.7178172791399, -416.406279743071, -220.483861382331, 
-156.017530758295, -689.351476262713, -601.995684402001, -382.48638631369, 
-128.902649779773, -46.7381673155589, -244.701024835711, -306.587232992353, 
-408.26236529116, -534.963484828909, -595.486927965166, -610.258720199927, 
-402.526555777871, -263.045508932561, -184.424888272905, -18.1125163987669, 
-29.5902780733905, -26.9686604797048, -27.0128794944233, -77.5351708855996, 
-160.080156768169, -269.134389600181, -221.336065805506, -61.3566150292492, 
-42.3491619422799, -157.98350769854, -268.255542116441, -268.513004052679, 
-196.226916935748, -54.6195557151868, -46.3042602719338, -116.422845600075, 
-130.383481772971, -99.2535567755507, -468.242744906877, -197.455339299162, 
-146.430524556524, -689.651684098971, -659.059513774772, -495.305897173286, 
-291.718253345061, -89.4843003257057, -67.1486691732144, -276.06962370226, 
-349.477498953043, -453.286710233913, -543.854872133424, -613.095020661938, 
-581.959366913208, -356.137020167133, -234.027165423413, -124.896709429443, 
25.5119463376017, 70.4193561253081), .Names = c("handle_A5", 
"handle_A12", "handle_A13", "handle_A19", "handle_A20", "handle_A21", 
"handle_A22", "handle_A23", "handle_A24", "handle_A27", "handle_A28", 
"handle_A29", "handle_A30", "handle_A31", "handle_A32", "handle_A34", 
"handle_A35", "handle_A36", "handle_A37", "handle_A38", "handle_A43", 
"handle_A50", "handle_A51", "handle_A58", "handle_A59", "handle_A60", 
"handle_A61", "handle_A62", "handle_A65", "handle_A66", "handle_A67", 
"handle_A68", "handle_A69", "handle_A70", "handle_A72", "handle_A73", 
"handle_A74", "handle_A75", "node5", "node12", "node13", "node20", 
"node21", "node22", "node23", "node24", "node27", "node28", "node29", 
"node30", "node31", "node32", "node34", "node35", "node36", "node37", 
"node43", "node50", "node51", "node57", "node58", "node59", "node60", 
"node61", "node62", "node65", "node66", "node67", "node68", "node69", 
"node70", "node72", "node73", "node74", "node75", "node76"), class = "minsymvec"), 
    overunderobj = structure(c(2, 11, 5, 33, 7, 17, 27, 14, 32, 
    22, 37, 28, 15, 4, 34, 6, 18, 10, 12, 25, 21, 29, 24, 35), .Dim = c(12L, 
    2L)), symobj = structure(list(Mver = structure(c(37, 24, 
    23, 22, 36, 35, 13, 12, 27, 28, 34, 5, 29, 30, 21, 32, 31, 
    20, 1, 14, 15, 16, 2, 3, 25, 26, 11, 10, 4, 33, 9, 8, 17, 
    6, 7, 18), .Dim = c(18L, 2L)), xver = c(19, 38), Mhor = NULL, 
        xhor = NULL, Mrot = NULL, exact_h = NULL, exact_v = NULL, 
        mcdonalds = FALSE, celtic = FALSE, reefknot = FALSE, 
        center_crossing = FALSE, indep = structure(c(FALSE, FALSE, 
        FALSE, FALSE, TRUE, FALSE, FALSE, FALSE, FALSE, FALSE, 
        FALSE, TRUE, TRUE, FALSE, FALSE, FALSE, FALSE, FALSE, 
        TRUE, TRUE, TRUE, TRUE, TRUE, TRUE, FALSE, FALSE, TRUE, 
        TRUE, TRUE, TRUE, TRUE, TRUE, FALSE, TRUE, TRUE, TRUE, 
        TRUE, TRUE, FALSE, FALSE, FALSE, FALSE, TRUE, FALSE, 
        FALSE, FALSE, FALSE, FALSE, FALSE, TRUE, TRUE, FALSE, 
        FALSE, FALSE, FALSE, FALSE, FALSE, TRUE, TRUE, TRUE, 
        TRUE, TRUE, FALSE, FALSE, TRUE, TRUE, TRUE, TRUE, TRUE, 
        TRUE, FALSE, TRUE, TRUE, TRUE, TRUE, FALSE, FALSE, FALSE, 
        FALSE, FALSE, TRUE, FALSE, FALSE, FALSE, FALSE, FALSE, 
        FALSE, TRUE, TRUE, FALSE, FALSE, FALSE, FALSE, FALSE, 
        FALSE, TRUE, TRUE, TRUE, TRUE, TRUE, FALSE, FALSE, TRUE, 
        TRUE, TRUE, TRUE, TRUE, TRUE, FALSE, TRUE, TRUE, TRUE, 
        TRUE, FALSE, FALSE, FALSE, FALSE, FALSE, TRUE, FALSE, 
        FALSE, FALSE, FALSE, FALSE, FALSE, TRUE, TRUE, FALSE, 
        FALSE, FALSE, FALSE, FALSE, TRUE, TRUE, TRUE, TRUE, TRUE, 
        TRUE, FALSE, FALSE, TRUE, TRUE, TRUE, TRUE, TRUE, TRUE, 
        FALSE, TRUE, TRUE, TRUE, TRUE, TRUE), .Names = c("handle_A1", 
        "handle_A2", "handle_A3", "handle_A4", "handle_A5", "handle_A6", 
        "handle_A7", "handle_A8", "handle_A9", "handle_A10", 
        "handle_A11", "handle_A12", "handle_A13", "handle_A14", 
        "handle_A15", "handle_A16", "handle_A17", "handle_A18", 
        "handle_A19", "handle_A20", "handle_A21", "handle_A22", 
        "handle_A23", "handle_A24", "handle_A25", "handle_A26", 
        "handle_A27", "handle_A28", "handle_A29", "handle_A30", 
        "handle_A31", "handle_A32", "handle_A33", "handle_A34", 
        "handle_A35", "handle_A36", "handle_A37", "handle_A38", 
        "handle_A39", "handle_A40", "handle_A41", "handle_A42", 
        "handle_A43", "handle_A44", "handle_A45", "handle_A46", 
        "handle_A47", "handle_A48", "handle_A49", "handle_A50", 
        "handle_A51", "handle_A52", "handle_A53", "handle_A54", 
        "handle_A55", "handle_A56", "handle_A57", "handle_A58", 
        "handle_A59", "handle_A60", "handle_A61", "handle_A62", 
        "handle_A63", "handle_A64", "handle_A65", "handle_A66", 
        "handle_A67", "handle_A68", "handle_A69", "handle_A70", 
        "handle_A71", "handle_A72", "handle_A73", "handle_A74", 
        "handle_A75", "handle_A76", "node1", "node2", "node3", 
        "node4", "node5", "node6", "node7", "node8", "node9", 
        "node10", "node11", "node12", "node13", "node14", "node15", 
        "node16", "node17", "node18", "node19", "node20", "node21", 
        "node22", "node23", "node24", "node25", "node26", "node27", 
        "node28", "node29", "node30", "node31", "node32", "node33", 
        "node34", "node35", "node36", "node37", "node38", "node39", 
        "node40", "node41", "node42", "node43", "node44", "node45", 
        "node46", "node47", "node48", "node49", "node50", "node51", 
        "node52", "node53", "node54", "node55", "node56", "node57", 
        "node58", "node59", "node60", "node61", "node62", "node63", 
        "node64", "node65", "node66", "node67", "node68", "node69", 
        "node70", "node71", "node72", "node73", "node74", "node75", 
        "node76"))), .Names = c("Mver", "xver", "Mhor", "xhor", 
    "Mrot", "exact_h", "exact_v", "mcdonalds", "celtic", "reefknot", 
    "center_crossing", "indep"))), .Names = c("minsymvec", "overunderobj", 
"symobj"), class = "knot")
