`k6_3` <-
structure(list(minsymvec = structure(c(366.71134497475, 227.205866261305, 
-20.1597413691264, -88.8018265672192, -417.678883093436, -437.359391592051, 
-323.941575763172, 29.0818960812664, 82.4907787837165, 246.782594217216, 
554.649350751177, 324.812939326248, 103.523213062465, -140.793851545221, 
-368.751833348963, -107.342932371347, 224.135871331613, -120.778740082102, 
-315.99564415135, -267.190139819122, -30.5456316493932, 119.214720611882, 
-267.012441403312, -376.982014127906, -244.41634005056, -17.3973307965692, 
308.661534896809, 167.779026132171, -58.8246948400765, -95.1398221747775, 
129.795894883422, 353.518613716848, 221.847710995131, 332.973800862871, 
142.591648616178, -70.4714431641102, -170.119886866759, -479.342631842819, 
-422.817283437664, -185.478116118923, 64.1058856860782, 119.110357664017, 
365.912152157298, 500.493138509057, 210.064037301388, -234.68054330686, 
-300.881898470198, 0.972171934929999, 292.689867337282, -193.579121603964, 
-316.183177952928, -169.502596357489, 45.3394650728965, -21.5015995118451, 
-281.390470690017, -360.171708505028, -156.380684659296, 97.0374521420807, 
298.969945195871, 60.4169831118261, -60.4301438925569, -49.7441454353688, 
-47.3449517641765, 230.242073570927, 328.088712574792, 93.3679654993751
), .Names = c("handle_A1", "handle_A2", "handle_A3", "handle_A4", 
"handle_A5", "handle_A6", "handle_A7", "handle_A8", "handle_A9", 
"handle_A10", "handle_A11", "handle_A12", "handle_A13", "handle_A14", 
"handle_A15", "handle_A16", "handle_A17", "handle_A18", "handle_A19", 
"handle_A20", "handle_A21", "handle_A22", "handle_A23", "handle_A24", 
"handle_A25", "handle_A26", "handle_A27", "handle_A28", "handle_A29", 
"handle_A31", "handle_A32", "handle_A33", "handle_A34", "node1", 
"node2", "node3", "node4", "node5", "node6", "node7", "node8", 
"node9", "node10", "node11", "node12", "node14", "node15", "node16", 
"node17", "node18", "node19", "node20", "node21", "node22", "node23", 
"node24", "node25", "node26", "node27", "node28", "node29", "node30", 
"node31", "node32", "node33", "node34"), class = "minsymvec"), 
    overunderobj = structure(c(10, 1, 8, 4, 15, 13, 17, 12, 3, 
    14, 5, 9), .Dim = c(6L, 2L)), symobj = structure(list(Mver = NULL, 
        xver = 13, Mhor = NULL, xhor = NULL, Mrot = NULL, mcdonalds = FALSE, 
        celtic = FALSE, indep = structure(c(TRUE, TRUE, TRUE, 
        TRUE, TRUE, TRUE, TRUE, TRUE, TRUE, TRUE, TRUE, TRUE, 
        TRUE, TRUE, TRUE, TRUE, TRUE, TRUE, TRUE, TRUE, TRUE, 
        TRUE, TRUE, TRUE, TRUE, TRUE, TRUE, TRUE, TRUE, FALSE, 
        TRUE, TRUE, TRUE, TRUE, TRUE, TRUE, TRUE, TRUE, TRUE, 
        TRUE, TRUE, TRUE, TRUE, TRUE, TRUE, TRUE, FALSE, TRUE, 
        TRUE, TRUE, TRUE, TRUE, TRUE, TRUE, TRUE, TRUE, TRUE, 
        TRUE, TRUE, TRUE, TRUE, TRUE, TRUE, TRUE, TRUE, TRUE, 
        TRUE, TRUE), .Names = c("handle_A1", "handle_A2", "handle_A3", 
        "handle_A4", "handle_A5", "handle_A6", "handle_A7", "handle_A8", 
        "handle_A9", "handle_A10", "handle_A11", "handle_A12", 
        "handle_A13", "handle_A14", "handle_A15", "handle_A16", 
        "handle_A17", "handle_A18", "handle_A19", "handle_A20", 
        "handle_A21", "handle_A22", "handle_A23", "handle_A24", 
        "handle_A25", "handle_A26", "handle_A27", "handle_A28", 
        "handle_A29", "handle_A30", "handle_A31", "handle_A32", 
        "handle_A33", "handle_A34", "node1", "node2", "node3", 
        "node4", "node5", "node6", "node7", "node8", "node9", 
        "node10", "node11", "node12", "node13", "node14", "node15", 
        "node16", "node17", "node18", "node19", "node20", "node21", 
        "node22", "node23", "node24", "node25", "node26", "node27", 
        "node28", "node29", "node30", "node31", "node32", "node33", 
        "node34"))), .Names = c("Mver", "xver", "Mhor", "xhor", 
    "Mrot", "mcdonalds", "celtic", "indep"))), .Names = c("minsymvec", 
"overunderobj", "symobj"), class = "knot")
