`k7_4` <-
structure(list(minsymvec = structure(c(-30.6513203741519, -2.89449485689007, 
-260.969139899752, -192.546153733108, 358.956412420385, 117.625624209467, 
10.8620216439829, 184.658437445523, 462.844430697091, -105.984462420352, 
-244.479398563143, -92.230635862095, -271.453224101218, -104.462616273794, 
260.926724919297, 82.9155876661365, 289.98578862427, 448.971368044177
), .Names = c("handle_A8", "handle_A14", "handle_A15", "handle_A16", 
"handle_A26", "handle_A27", "handle_A32", "handle_A33", "handle_A34", 
"node8", "node9", "node14", "node15", "node16", "node26", "node32", 
"node33", "node34"), class = "minsymvec"), overunderobj = structure(c(1, 
11, 4, 14, 6, 17, 9, 13, 2, 10, 5, 18, 8, 15), .Dim = c(7L, 2L
)), symobj = structure(list(Mver = structure(c(16, 15, 8, 14, 
9, 4, 10, 3, 2, 7, 6, 17, 5, 18, 13, 1, 12, 11), .Dim = c(9L, 
2L)), xver = NULL, Mhor = structure(c(6, 7, 5, 17, 16, 8, 14, 
15, 12, 11, 13, 1, 2, 10, 4, 3), .Dim = c(8L, 2L)), xhor = c(9, 
18), Mrot = NULL, mcdonalds = TRUE, celtic = TRUE, reefknot = FALSE, 
    indep = structure(c(FALSE, FALSE, FALSE, FALSE, FALSE, FALSE, 
    FALSE, TRUE, FALSE, FALSE, FALSE, FALSE, FALSE, TRUE, TRUE, 
    TRUE, FALSE, FALSE, FALSE, FALSE, FALSE, FALSE, FALSE, FALSE, 
    FALSE, TRUE, TRUE, FALSE, FALSE, FALSE, FALSE, TRUE, TRUE, 
    TRUE, FALSE, FALSE, FALSE, FALSE, FALSE, FALSE, FALSE, FALSE, 
    FALSE, TRUE, TRUE, FALSE, FALSE, FALSE, FALSE, TRUE, TRUE, 
    TRUE, FALSE, FALSE, FALSE, FALSE, FALSE, FALSE, FALSE, FALSE, 
    FALSE, TRUE, FALSE, FALSE, FALSE, FALSE, FALSE, TRUE, TRUE, 
    TRUE, FALSE, FALSE), .Names = c("handle_A1", "handle_A2", 
    "handle_A3", "handle_A4", "handle_A5", "handle_A6", "handle_A7", 
    "handle_A8", "handle_A9", "handle_A10", "handle_A11", "handle_A12", 
    "handle_A13", "handle_A14", "handle_A15", "handle_A16", "handle_A17", 
    "handle_A18", "handle_A19", "handle_A20", "handle_A21", "handle_A22", 
    "handle_A23", "handle_A24", "handle_A25", "handle_A26", "handle_A27", 
    "handle_A28", "handle_A29", "handle_A30", "handle_A31", "handle_A32", 
    "handle_A33", "handle_A34", "handle_A35", "handle_A36", "node1", 
    "node2", "node3", "node4", "node5", "node6", "node7", "node8", 
    "node9", "node10", "node11", "node12", "node13", "node14", 
    "node15", "node16", "node17", "node18", "node19", "node20", 
    "node21", "node22", "node23", "node24", "node25", "node26", 
    "node27", "node28", "node29", "node30", "node31", "node32", 
    "node33", "node34", "node35", "node36"))), .Names = c("Mver", 
"xver", "Mhor", "xhor", "Mrot", "mcdonalds", "celtic", "reefknot", 
"indep"))), .Names = c("minsymvec", "overunderobj", "symobj"), class = "knot")
