`k8_1` <-
structure(list(minsymvec = structure(c(123.954751760172, -141.858534921057, 
-325.056687604603, -258.080908739264, -264.580155790676, -170.908802641603, 
-15.1974277242157, -255.796070123261, -377.879361822756, -264.296311433658, 
-145.670385996531, -9.70539510539622, -43.2378285110911, -565.386958528651, 
-478.791149485353, -325.204374967531, -30.4667484602148, 248.483690835083, 
-1.48655499559273, -57.4724096489941, -209.740780565338, -329.23596746118, 
-559.859615862731, 53.2611429800476, -210.126005222395, -317.193482455772, 
-234.590568868772, -249.30108319229, -99.7204417647353, -114.037083025292, 
-306.848612489492, -343.108031709755, -195.264710944157, -103.333065438307, 
-39.5944638443704, -527.26949168801, -551.859126700124, -405.316265482632, 
-201.303269867865, 78.2464570537272, 255.819937409317, -35.1202497454903, 
-98.1241496324914, -275.618564534481, -426.115468048502, -608.729924425921, 
-658.010297251937, 129.976064625675), .Names = c("handle_A5", 
"handle_A6", "handle_A7", "handle_A8", "handle_A9", "handle_A10", 
"handle_A12", "handle_A13", "handle_A14", "handle_A15", "handle_A16", 
"handle_A17", "handle_A23", "handle_A30", "handle_A31", "handle_A32", 
"handle_A33", "handle_A34", "handle_A36", "handle_A37", "handle_A38", 
"handle_A39", "handle_A40", "handle_A47", "node6", "node7", "node8", 
"node9", "node10", "node12", "node13", "node14", "node15", "node16", 
"node23", "node29", "node30", "node31", "node32", "node33", "node34", 
"node36", "node37", "node38", "node39", "node40", "node41", "node47"
), class = "minsymvec"), overunderobj = structure(c(2, 20, 5, 
16, 8, 13, 23, 11, 22, 3, 19, 6, 15, 9, 12, 24), .Dim = c(8L, 
2L)), symobj = structure(list(Mver = structure(c(10, 9, 23, 12, 
13, 14, 8, 7, 6, 15, 16, 24, 1, 11, 22, 21, 20, 2, 3, 4, 19, 
18), .Dim = c(11L, 2L)), xver = c(5, 17), Mhor = NULL, xhor = NULL, 
    Mrot = NULL, exact_h = NULL, exact_v = NULL, mcdonalds = FALSE, 
    celtic = FALSE, reefknot = FALSE, center_crossing = FALSE, 
    indep = structure(c(FALSE, FALSE, FALSE, FALSE, TRUE, TRUE, 
    TRUE, TRUE, TRUE, TRUE, FALSE, TRUE, TRUE, TRUE, TRUE, TRUE, 
    TRUE, FALSE, FALSE, FALSE, FALSE, FALSE, TRUE, FALSE, FALSE, 
    FALSE, FALSE, FALSE, FALSE, TRUE, TRUE, TRUE, TRUE, TRUE, 
    FALSE, TRUE, TRUE, TRUE, TRUE, TRUE, FALSE, FALSE, FALSE, 
    FALSE, FALSE, FALSE, TRUE, FALSE, FALSE, FALSE, FALSE, FALSE, 
    FALSE, TRUE, TRUE, TRUE, TRUE, TRUE, FALSE, TRUE, TRUE, TRUE, 
    TRUE, TRUE, FALSE, FALSE, FALSE, FALSE, FALSE, FALSE, TRUE, 
    FALSE, FALSE, FALSE, FALSE, FALSE, TRUE, TRUE, TRUE, TRUE, 
    TRUE, TRUE, FALSE, TRUE, TRUE, TRUE, TRUE, TRUE, TRUE, FALSE, 
    FALSE, FALSE, FALSE, FALSE, TRUE, FALSE), .Names = c("handle_A1", 
    "handle_A2", "handle_A3", "handle_A4", "handle_A5", "handle_A6", 
    "handle_A7", "handle_A8", "handle_A9", "handle_A10", "handle_A11", 
    "handle_A12", "handle_A13", "handle_A14", "handle_A15", "handle_A16", 
    "handle_A17", "handle_A18", "handle_A19", "handle_A20", "handle_A21", 
    "handle_A22", "handle_A23", "handle_A24", "handle_A25", "handle_A26", 
    "handle_A27", "handle_A28", "handle_A29", "handle_A30", "handle_A31", 
    "handle_A32", "handle_A33", "handle_A34", "handle_A35", "handle_A36", 
    "handle_A37", "handle_A38", "handle_A39", "handle_A40", "handle_A41", 
    "handle_A42", "handle_A43", "handle_A44", "handle_A45", "handle_A46", 
    "handle_A47", "handle_A48", "node1", "node2", "node3", "node4", 
    "node5", "node6", "node7", "node8", "node9", "node10", "node11", 
    "node12", "node13", "node14", "node15", "node16", "node17", 
    "node18", "node19", "node20", "node21", "node22", "node23", 
    "node24", "node25", "node26", "node27", "node28", "node29", 
    "node30", "node31", "node32", "node33", "node34", "node35", 
    "node36", "node37", "node38", "node39", "node40", "node41", 
    "node42", "node43", "node44", "node45", "node46", "node47", 
    "node48"))), .Names = c("Mver", "xver", "Mhor", "xhor", "Mrot", 
"exact_h", "exact_v", "mcdonalds", "celtic", "reefknot", "center_crossing", 
"indep"))), .Names = c("minsymvec", "overunderobj", "symobj"), class = "knot")
