`k8_10` <-
structure(list(minsymvec = structure(c(-130.318111302691, -253.38793485594, 
-208.698254461411, -87.4963246698277, 47.2537837952234, 352.443588962807, 
414.980322132699, 248.137309791797, 77.7835011345224, -120.448249918087, 
-315.560946795298, -417.356563992509, -197.313129638275, 24.66304364748, 
113.732602229604, 9.65234664258622, -46.8227724837174, -122.300655004422, 
38.1026936638381, 311.426947507345, 303.090455955775, 271.839515072043, 
23.3008331902696, 308.004112215301, 57.863425681006, -256.891057395068, 
-351.36191355217, -285.013724862999, -183.205767928421, 32.9156966011373, 
87.998905455546, 65.6590527758998, 73.4236265828024, -150.531704187738, 
-218.783680321435, -146.430745393425, 111.797655978975, 184.584584325656, 
56.3503190186218, -355.893705033214, -339.213337727696, -173.185757462675, 
135.737441446711, -204.349653829664, -234.618112317388, -174.656164394654, 
-24.1573871796521, 171.244779042795, 397.471637429614, 358.063573578748, 
187.631301172791, -180.96996511985, -370.729332535092, -344.509153346454, 
-130.323611898685, 81.8670461454414, 81.1741902949081, -77.2374129040666, 
-92.6781465506314, 140.171016773578, 322.825290998933, 275.212429715486, 
196.821792657014, 217.348834456093, -81.3652638944684, -293.576236218137, 
-335.791962274441, -229.040940430034, -114.486641976693, 68.3928286335184, 
78.7614402944873, 62.1565522058581, 66.217834703304, 10.5908295483692, 
-200.349156285171, -197.327132674148, -57.6920647652232, 148.283549002373, 
185.787231796755, 149.981759853452, -36.6290056320735, -385.169961070236, 
-267.151072483294, -45.0570671053064, 221.848517125992, 310.685756578711
), .Names = c("handle_A1", "handle_A2", "handle_A3", "handle_A4", 
"handle_A5", "handle_A6", "handle_A7", "handle_A8", "handle_A9", 
"handle_A10", "handle_A11", "handle_A12", "handle_A13", "handle_A14", 
"handle_A15", "handle_A16", "handle_A17", "handle_A18", "handle_A19", 
"handle_A20", "handle_A21", "handle_A22", "handle_A23", "handle_A24", 
"handle_A25", "handle_A26", "handle_A27", "handle_A28", "handle_A29", 
"handle_A30", "handle_A31", "handle_A33", "handle_A34", "handle_A35", 
"handle_A36", "handle_A37", "handle_A38", "handle_A40", "handle_A41", 
"handle_A42", "handle_A43", "handle_A44", "handle_A45", "node1", 
"node2", "node3", "node4", "node5", "node6", "node7", "node8", 
"node10", "node11", "node12", "node13", "node14", "node15", "node17", 
"node18", "node19", "node20", "node21", "node22", "node24", "node25", 
"node26", "node27", "node28", "node29", "node30", "node31", "node32", 
"node33", "node34", "node35", "node36", "node37", "node38", "node39", 
"node40", "node41", "node42", "node43", "node44", "node45", "node46"
), class = "minsymvec"), overunderobj = structure(c(22, 6, 19, 
14, 18, 9, 3, 11, 8, 21, 5, 19, 10, 15, 13, 2), .Dim = c(8L, 
2L)), symobj = structure(list(Mver = NULL, xver = c(9, 16, 23
), Mhor = NULL, xhor = NULL, Mrot = NULL, exact_h = NULL, exact_v = NULL, 
    mcdonalds = FALSE, celtic = FALSE, reefknot = FALSE, center_crossing = FALSE, 
    indep = structure(c(TRUE, TRUE, TRUE, TRUE, TRUE, TRUE, TRUE, 
    TRUE, TRUE, TRUE, TRUE, TRUE, TRUE, TRUE, TRUE, TRUE, TRUE, 
    TRUE, TRUE, TRUE, TRUE, TRUE, TRUE, TRUE, TRUE, TRUE, TRUE, 
    TRUE, TRUE, TRUE, TRUE, FALSE, TRUE, TRUE, TRUE, TRUE, TRUE, 
    TRUE, FALSE, TRUE, TRUE, TRUE, TRUE, TRUE, TRUE, FALSE, TRUE, 
    TRUE, TRUE, TRUE, TRUE, TRUE, TRUE, TRUE, FALSE, TRUE, TRUE, 
    TRUE, TRUE, TRUE, TRUE, FALSE, TRUE, TRUE, TRUE, TRUE, TRUE, 
    TRUE, FALSE, TRUE, TRUE, TRUE, TRUE, TRUE, TRUE, TRUE, TRUE, 
    TRUE, TRUE, TRUE, TRUE, TRUE, TRUE, TRUE, TRUE, TRUE, TRUE, 
    TRUE, TRUE, TRUE, TRUE, TRUE), .Names = c("handle_A1", "handle_A2", 
    "handle_A3", "handle_A4", "handle_A5", "handle_A6", "handle_A7", 
    "handle_A8", "handle_A9", "handle_A10", "handle_A11", "handle_A12", 
    "handle_A13", "handle_A14", "handle_A15", "handle_A16", "handle_A17", 
    "handle_A18", "handle_A19", "handle_A20", "handle_A21", "handle_A22", 
    "handle_A23", "handle_A24", "handle_A25", "handle_A26", "handle_A27", 
    "handle_A28", "handle_A29", "handle_A30", "handle_A31", "handle_A32", 
    "handle_A33", "handle_A34", "handle_A35", "handle_A36", "handle_A37", 
    "handle_A38", "handle_A39", "handle_A40", "handle_A41", "handle_A42", 
    "handle_A43", "handle_A44", "handle_A45", "handle_A46", "node1", 
    "node2", "node3", "node4", "node5", "node6", "node7", "node8", 
    "node9", "node10", "node11", "node12", "node13", "node14", 
    "node15", "node16", "node17", "node18", "node19", "node20", 
    "node21", "node22", "node23", "node24", "node25", "node26", 
    "node27", "node28", "node29", "node30", "node31", "node32", 
    "node33", "node34", "node35", "node36", "node37", "node38", 
    "node39", "node40", "node41", "node42", "node43", "node44", 
    "node45", "node46"))), .Names = c("Mver", "xver", "Mhor", 
"xhor", "Mrot", "exact_h", "exact_v", "mcdonalds", "celtic", 
"reefknot", "center_crossing", "indep"))), .Names = c("minsymvec", 
"overunderobj", "symobj"), class = "knot")
