`k8_11` <-
structure(list(minsymvec = structure(c(317.378146175097, 285.345894209727, 
122.149419557402, 9.99344972846448, -45.0610196932982, -145.666855245804, 
-284.104299674573, -296.336839480678, 102.858902553412, -30.1217153811571, 
-76.6376540751621, 27.2966692914724, 186.817708220738, 402.173542199977, 
253.486381731414, 0.302511957893915, -185.620528349983, -366.100416510277, 
-233.655168701632, -23.3070848804678, -34.2759912538084, 102.523686642628, 
-80.689951791871, -357.624853946541, -591.345993230046, -628.892342469032, 
-551.315276552748, -291.649180072264, 85.4623116967935, 72.8497961724271, 
-64.7185658017321, -298.901257737673, -437.482305864759, -607.367387975736, 
-510.024087276761, -304.977509044331, -430.283992734616, -586.846829801392, 
-473.263678310628, -322.689202512904, -259.032307592196, -80.4993866373926, 
148.547742201875, 314.694333742223, 217.896546588709, 83.4898063706079, 
-83.3266282032178, -199.733896767199, -296.135076970122, -137.34862457271, 
62.7883428373683, -81.2929047043997, -41.0813940343667, 80.6742031790853, 
268.137119078745, 375.142244802776, 156.509533030822, -65.245585910284, 
-259.41704260008, -334.545962501197, -167.949212990069, -2.13597199919809, 
-16.0375457037291, 197.474711324112, -167.578382328421, -461.113180272915, 
-610.225762242333, -629.589276734269, -605.553543586448, -444.235948939738, 
-200.531528325696, 151.693628187337, -14.5122319215269, -143.83351083622, 
-347.575390289957, -492.462726989097, -598.210615856008, -429.944689737154, 
-335.325555651486, -484.21015301632, -568.78037972211, -407.836699602575, 
-300.639754228434, -175.041174433787, 5.37855549570952, 94.9709350804308
), .Names = c("handle_A1", "handle_A2", "handle_A3", "handle_A4", 
"handle_A5", "handle_A6", "handle_A7", "handle_A8", "handle_A9", 
"handle_A10", "handle_A11", "handle_A12", "handle_A13", "handle_A14", 
"handle_A15", "handle_A16", "handle_A17", "handle_A18", "handle_A19", 
"handle_A20", "handle_A21", "handle_A22", "handle_A23", "handle_A24", 
"handle_A25", "handle_A27", "handle_A28", "handle_A29", "handle_A30", 
"handle_A31", "handle_A32", "handle_A33", "handle_A34", "handle_A35", 
"handle_A36", "handle_A37", "handle_A38", "handle_A39", "handle_A40", 
"handle_A41", "handle_A42", "handle_A43", "handle_A44", "node1", 
"node2", "node3", "node5", "node6", "node7", "node8", "node9", 
"node10", "node11", "node12", "node13", "node14", "node15", "node16", 
"node17", "node18", "node19", "node20", "node21", "node22", "node23", 
"node24", "node25", "node26", "node27", "node28", "node29", "node30", 
"node31", "node32", "node33", "node34", "node35", "node36", "node37", 
"node38", "node39", "node40", "node41", "node42", "node43", "node44"
), class = "minsymvec"), overunderobj = structure(c(22, 10, 20, 
7, 17, 12, 15, 3, 9, 21, 11, 19, 6, 16, 2, 13), .Dim = c(8L, 
2L)), symobj = structure(list(Mver = NULL, xver = 4, Mhor = NULL, 
    xhor = NULL, Mrot = NULL, exact_h = NULL, exact_v = NULL, 
    mcdonalds = FALSE, celtic = FALSE, reefknot = FALSE, center_crossing = FALSE, 
    indep = structure(c(TRUE, TRUE, TRUE, TRUE, TRUE, TRUE, TRUE, 
    TRUE, TRUE, TRUE, TRUE, TRUE, TRUE, TRUE, TRUE, TRUE, TRUE, 
    TRUE, TRUE, TRUE, TRUE, TRUE, TRUE, TRUE, TRUE, FALSE, TRUE, 
    TRUE, TRUE, TRUE, TRUE, TRUE, TRUE, TRUE, TRUE, TRUE, TRUE, 
    TRUE, TRUE, TRUE, TRUE, TRUE, TRUE, TRUE, TRUE, TRUE, TRUE, 
    FALSE, TRUE, TRUE, TRUE, TRUE, TRUE, TRUE, TRUE, TRUE, TRUE, 
    TRUE, TRUE, TRUE, TRUE, TRUE, TRUE, TRUE, TRUE, TRUE, TRUE, 
    TRUE, TRUE, TRUE, TRUE, TRUE, TRUE, TRUE, TRUE, TRUE, TRUE, 
    TRUE, TRUE, TRUE, TRUE, TRUE, TRUE, TRUE, TRUE, TRUE, TRUE, 
    TRUE), .Names = c("handle_A1", "handle_A2", "handle_A3", 
    "handle_A4", "handle_A5", "handle_A6", "handle_A7", "handle_A8", 
    "handle_A9", "handle_A10", "handle_A11", "handle_A12", "handle_A13", 
    "handle_A14", "handle_A15", "handle_A16", "handle_A17", "handle_A18", 
    "handle_A19", "handle_A20", "handle_A21", "handle_A22", "handle_A23", 
    "handle_A24", "handle_A25", "handle_A26", "handle_A27", "handle_A28", 
    "handle_A29", "handle_A30", "handle_A31", "handle_A32", "handle_A33", 
    "handle_A34", "handle_A35", "handle_A36", "handle_A37", "handle_A38", 
    "handle_A39", "handle_A40", "handle_A41", "handle_A42", "handle_A43", 
    "handle_A44", "node1", "node2", "node3", "node4", "node5", 
    "node6", "node7", "node8", "node9", "node10", "node11", "node12", 
    "node13", "node14", "node15", "node16", "node17", "node18", 
    "node19", "node20", "node21", "node22", "node23", "node24", 
    "node25", "node26", "node27", "node28", "node29", "node30", 
    "node31", "node32", "node33", "node34", "node35", "node36", 
    "node37", "node38", "node39", "node40", "node41", "node42", 
    "node43", "node44"))), .Names = c("Mver", "xver", "Mhor", 
"xhor", "Mrot", "exact_h", "exact_v", "mcdonalds", "celtic", 
"reefknot", "center_crossing", "indep"))), .Names = c("minsymvec", 
"overunderobj", "symobj"), class = "knot")
