`k8_12` <-	
structure(list(minsymvec = structure(c(0.592525927770554, 313.089987699821, 
421.939716564467, 311.304591417589, 119.558772134282, -183.5883744216, 
-382.808376959273, -145.445193461556, -86.5681501421276, -138.600840465727, 
-37.6234091890858, 80.2585750673745, 118.449137426076, 79.6735076161936, 
244.9559248985, 470.363839367827, 526.943214743864, 259.524900388163, 
260.35287151482, 74.9949241403697, -129.160177009401, -194.261485245988, 
88.3933718475439, 22.8128922253143, -216.442086081426, -432.58590982355, 
-501.945883785724, -310.628983938743, -105.456461976515, -343.945735740328, 
-551.350784642142, -674.098900191071, -659.727405311939, -485.997888416773, 
-288.222263575395, -173.716063486025, -157.513074189001, 97.8864741943095, 
29.3490975821525, -195.929494037114, -351.417802338575, -325.308600515756, 
-92.0928122699083, 114.666120886046, 361.407703840853, 394.824945872176, 
245.787805308515, -248.573765185449, -330.406737685011, -94.1250805718933, 
-108.428773781352, -111.356211825655, -4.2437338708219, 106.47614893843, 
108.738781248837, 133.24331703105, 312.636798406866, 521.02867850892, 
428.125787354303, 240.941779819812, 213.240194861736, 2.55144377426295, 
-167.980667661433, -142.202995491691, 83.9713995871076, -56.2492614341701, 
-295.184175946517, -468.039165395435, -508.603269918212, -457.491643777001, 
-204.381090869268, -190.865696549131, -420.36131239177, -604.425571987797, 
-674.601511933057, -600.92602043046, -422.544736415763, -224.851174965381, 
-168.508409134103, -81.4381826793185, 105.635328883206, -63.7951453052742, 
-276.738441868658, -342.643319713188, -255.391947874168, -25.760319727541
), .Names = c("handle_A1", "handle_A2", "handle_A3", "handle_A4", 
"handle_A5", "handle_A6", "handle_A7", "handle_A8", "handle_A9", 
"handle_A10", "handle_A11", "handle_A12", "handle_A13", "handle_A14", 
"handle_A15", "handle_A16", "handle_A17", "handle_A18", "handle_A19", 
"handle_A20", "handle_A21", "handle_A22", "handle_A23", "handle_A24", 
"handle_A25", "handle_A26", "handle_A28", "handle_A29", "handle_A30", 
"handle_A31", "handle_A32", "handle_A33", "handle_A34", "handle_A35", 
"handle_A36", "handle_A37", "handle_A38", "handle_A39", "handle_A40", 
"handle_A41", "handle_A42", "handle_A43", "handle_A44", "node1", 
"node2", "node3", "node4", "node6", "node7", "node8", "node9", 
"node10", "node11", "node12", "node13", "node14", "node15", "node16", 
"node17", "node18", "node19", "node20", "node21", "node22", "node23", 
"node24", "node25", "node26", "node27", "node28", "node29", "node30", 
"node31", "node32", "node33", "node34", "node35", "node36", "node37", 
"node38", "node39", "node40", "node41", "node42", "node43", "node44"
), class = "minsymvec"), overunderobj = structure(c(18, 3, 13, 
6, 22, 9, 20, 15, 2, 16, 5, 10, 8, 21, 14, 19), .Dim = c(8L, 
2L)), symobj = structure(list(Mver = NULL, xver = 5, Mhor = NULL, 
    xhor = NULL, Mrot = NULL, exact_h = NULL, exact_v = NULL, 
    mcdonalds = FALSE, celtic = FALSE, reefknot = FALSE, center_crossing = FALSE, 
    indep = structure(c(TRUE, TRUE, TRUE, TRUE, TRUE, TRUE, TRUE, 
    TRUE, TRUE, TRUE, TRUE, TRUE, TRUE, TRUE, TRUE, TRUE, TRUE, 
    TRUE, TRUE, TRUE, TRUE, TRUE, TRUE, TRUE, TRUE, TRUE, FALSE, 
    TRUE, TRUE, TRUE, TRUE, TRUE, TRUE, TRUE, TRUE, TRUE, TRUE, 
    TRUE, TRUE, TRUE, TRUE, TRUE, TRUE, TRUE, TRUE, TRUE, TRUE, 
    TRUE, FALSE, TRUE, TRUE, TRUE, TRUE, TRUE, TRUE, TRUE, TRUE, 
    TRUE, TRUE, TRUE, TRUE, TRUE, TRUE, TRUE, TRUE, TRUE, TRUE, 
    TRUE, TRUE, TRUE, TRUE, TRUE, TRUE, TRUE, TRUE, TRUE, TRUE, 
    TRUE, TRUE, TRUE, TRUE, TRUE, TRUE, TRUE, TRUE, TRUE, TRUE, 
    TRUE), .Names = c("handle_A1", "handle_A2", "handle_A3", 
    "handle_A4", "handle_A5", "handle_A6", "handle_A7", "handle_A8", 
    "handle_A9", "handle_A10", "handle_A11", "handle_A12", "handle_A13", 
    "handle_A14", "handle_A15", "handle_A16", "handle_A17", "handle_A18", 
    "handle_A19", "handle_A20", "handle_A21", "handle_A22", "handle_A23", 
    "handle_A24", "handle_A25", "handle_A26", "handle_A27", "handle_A28", 
    "handle_A29", "handle_A30", "handle_A31", "handle_A32", "handle_A33", 
    "handle_A34", "handle_A35", "handle_A36", "handle_A37", "handle_A38", 
    "handle_A39", "handle_A40", "handle_A41", "handle_A42", "handle_A43", 
    "handle_A44", "node1", "node2", "node3", "node4", "node5", 
    "node6", "node7", "node8", "node9", "node10", "node11", "node12", 
    "node13", "node14", "node15", "node16", "node17", "node18", 
    "node19", "node20", "node21", "node22", "node23", "node24", 
    "node25", "node26", "node27", "node28", "node29", "node30", 
    "node31", "node32", "node33", "node34", "node35", "node36", 
    "node37", "node38", "node39", "node40", "node41", "node42", 
    "node43", "node44"))), .Names = c("Mver", "xver", "Mhor", 
"xhor", "Mrot", "exact_h", "exact_v", "mcdonalds", "celtic", 
"reefknot", "center_crossing", "indep"))), .Names = c("minsymvec", 
"overunderobj", "symobj"), class = "knot")
