`k8_12` <- 
structure(list(minsymvec = structure(c(0.655087117017956, 299.834300186237, 
429.619339372374, 327.032282241333, 117.021739109661, -202.241040142351, 
-405.405731426282, -148.916877291426, -102.079521322952, -137.069265123395, 
-11.0663057194323, 63.4917786603563, 121.46365683201, 112.584180712287, 
251.241833953608, 468.60746896893, 503.743735036493, 252.859465584242, 
259.423608744076, 96.438783518338, -157.962665646488, -182.325029971106, 
75.7470737279551, 34.1225086251529, -209.488687532673, -435.580483806891, 
-513.794792257114, -267.505526714294, -112.632132909871, -351.368008609143, 
-564.559087031388, -660.18897043038, -653.482323860118, -495.693153050547, 
-317.784755958124, -193.007264367767, -137.811659357927, 118.440591227551, 
27.2996868410641, -216.220759787411, -375.0136092789, -318.559064902403, 
-67.3875164396072, 103.907622361611, 356.955118576347, 405.579658140926, 
253.781105092213, -282.38327773736, -337.920782095385, -107.699683166099, 
-118.518416696756, -98.9419596760636, 1.50939612623569, 95.0040666166619, 
120.856454809361, 154.371141603992, 316.013913416297, 511.959508026711, 
408.080983523809, 240.979834464596, 219.933351080605, 5.77472019312232, 
-188.725349705399, -130.148613505109, 76.0406037796023, -44.8658448815055, 
-290.183002530659, -476.165877073363, -519.511906878397, -449.971528060241, 
-178.940308950104, -197.652157811791, -427.974002020304, -612.839288249822, 
-659.42314257073, -601.589493807611, -434.528295528296, -259.129269086903, 
-174.631572841819, -58.6706501490438, 117.443236655851, -70.3321672956865, 
-290.218499095592, -361.526490659022, -234.88795891951, -15.2365518734298
), .Names = c("handle_A1", "handle_A2", "handle_A3", "handle_A4", 
"handle_A5", "handle_A6", "handle_A7", "handle_A8", "handle_A9", 
"handle_A10", "handle_A11", "handle_A12", "handle_A13", "handle_A14", 
"handle_A15", "handle_A16", "handle_A17", "handle_A18", "handle_A19", 
"handle_A20", "handle_A21", "handle_A22", "handle_A23", "handle_A24", 
"handle_A25", "handle_A26", "handle_A28", "handle_A29", "handle_A30", 
"handle_A31", "handle_A32", "handle_A33", "handle_A34", "handle_A35", 
"handle_A36", "handle_A37", "handle_A38", "handle_A39", "handle_A40", 
"handle_A41", "handle_A42", "handle_A43", "handle_A44", "node1", 
"node2", "node3", "node4", "node6", "node7", "node8", "node9", 
"node10", "node11", "node12", "node13", "node14", "node15", "node16", 
"node17", "node18", "node19", "node20", "node21", "node22", "node23", 
"node24", "node25", "node26", "node27", "node28", "node29", "node30", 
"node31", "node32", "node33", "node34", "node35", "node36", "node37", 
"node38", "node39", "node40", "node41", "node42", "node43", "node44"
), class = "minsymvec"), overunderobj = structure(c(18, 3, 13, 
6, 22, 9, 20, 15, 2, 16, 5, 10, 8, 21, 14, 19), .Dim = c(8L, 
2L)), symobj = structure(list(Mver = NULL, xver = 5, Mhor = NULL, 
    xhor = NULL, Mrot = NULL, exact_h = NULL, exact_v = NULL, 
    mcdonalds = FALSE, celtic = FALSE, reefknot = FALSE, center_crossing = FALSE, 
    indep = structure(c(TRUE, TRUE, TRUE, TRUE, TRUE, TRUE, TRUE, 
    TRUE, TRUE, TRUE, TRUE, TRUE, TRUE, TRUE, TRUE, TRUE, TRUE, 
    TRUE, TRUE, TRUE, TRUE, TRUE, TRUE, TRUE, TRUE, TRUE, FALSE, 
    TRUE, TRUE, TRUE, TRUE, TRUE, TRUE, TRUE, TRUE, TRUE, TRUE, 
    TRUE, TRUE, TRUE, TRUE, TRUE, TRUE, TRUE, TRUE, TRUE, TRUE, 
    TRUE, FALSE, TRUE, TRUE, TRUE, TRUE, TRUE, TRUE, TRUE, TRUE, 
    TRUE, TRUE, TRUE, TRUE, TRUE, TRUE, TRUE, TRUE, TRUE, TRUE, 
    TRUE, TRUE, TRUE, TRUE, TRUE, TRUE, TRUE, TRUE, TRUE, TRUE, 
    TRUE, TRUE, TRUE, TRUE, TRUE, TRUE, TRUE, TRUE, TRUE, TRUE, 
    TRUE), .Names = c("handle_A1", "handle_A2", "handle_A3", 
    "handle_A4", "handle_A5", "handle_A6", "handle_A7", "handle_A8", 
    "handle_A9", "handle_A10", "handle_A11", "handle_A12", "handle_A13", 
    "handle_A14", "handle_A15", "handle_A16", "handle_A17", "handle_A18", 
    "handle_A19", "handle_A20", "handle_A21", "handle_A22", "handle_A23", 
    "handle_A24", "handle_A25", "handle_A26", "handle_A27", "handle_A28", 
    "handle_A29", "handle_A30", "handle_A31", "handle_A32", "handle_A33", 
    "handle_A34", "handle_A35", "handle_A36", "handle_A37", "handle_A38", 
    "handle_A39", "handle_A40", "handle_A41", "handle_A42", "handle_A43", 
    "handle_A44", "node1", "node2", "node3", "node4", "node5", 
    "node6", "node7", "node8", "node9", "node10", "node11", "node12", 
    "node13", "node14", "node15", "node16", "node17", "node18", 
    "node19", "node20", "node21", "node22", "node23", "node24", 
    "node25", "node26", "node27", "node28", "node29", "node30", 
    "node31", "node32", "node33", "node34", "node35", "node36", 
    "node37", "node38", "node39", "node40", "node41", "node42", 
    "node43", "node44"))), .Names = c("Mver", "xver", "Mhor", 
"xhor", "Mrot", "exact_h", "exact_v", "mcdonalds", "celtic", 
"reefknot", "center_crossing", "indep"))), .Names = c("minsymvec", 
"overunderobj", "symobj"), class = "knot")
