`k8_13` <-
structure(list(minsymvec = structure(c(121.373199356083, 78.1053388658146, 
-150.40608722798, -353.675477128429, -369.941889326735, -254.008571903436, 
3.27752007593048, 159.196870399776, 223.645792956727, 128.301562763701, 
-154.32598270911, -363.616836810096, -408.581921030234, -346.28640439735, 
-86.5897171739295, 121.64653996693, 177.541843926494, 182.522126735745, 
113.82787987519, -30.3854121351747, -212.926747425489, -281.947327918736, 
-244.663073361866, -149.001368273068, -149.833636417578, -70.0667945632799, 
96.1442666602567, -84.2972200444316, -229.420682752175, -279.503031033754, 
-419.426883673556, -563.292104348155, -680.086101784053, -845.190829664615, 
-812.894139424484, -743.183010432648, -547.41737251115, -459.934981642189, 
-333.702432164011, -215.134795815126, -53.3304793901259, -62.8387249392438, 
-252.55236554369, -378.330673919115, -446.957009034591, -579.789796153609, 
-860.051320437903, -897.723073526738, -856.823497730129, -665.705295408495, 
-453.166808711131, -263.727516383492, -39.2751577551126, 115.851741459713, 
-26.09417766917, -236.304139949629, -362.839014831454, -330.581346792709, 
-141.339397193978, 63.7601198387146, 170.241707331739, 203.926483128607, 
-5.07972457039656, -235.413072442001, -382.234160989627, -398.024052904233, 
-247.55020860069, -11.3763980993165, 146.794040200309, 179.19789356418, 
165.013836465963, 46.4161858684928, -95.7460940510088, -223.820207525523, 
-287.660647400111, -203.732545860413, -137.633070506266, -137.477137137294, 
101.09509326389, -127.277770063091, -265.045740006344, -315.006074555665, 
-462.817866720046, -618.689861580784, -747.473254645583, -845.280739346161, 
-801.513627322718, -667.367801281899, -505.250555115213, -424.788063748937, 
-295.946019416543, -172.698673675851, -35.280142406602, -127.958908826366, 
-297.110974850265, -396.222259205167, -494.793524299277, -694.93473971889, 
-892.809208836322, -891.492780586382, -784.73166114453, -571.719306273247, 
-381.708666445962, -168.342612081823, 5.64923132636882, -47.8219952813086
), .Names = c("handle_A1", "handle_A2", "handle_A3", "handle_A4", 
"handle_A5", "handle_A6", "handle_A7", "handle_A8", "handle_A9", 
"handle_A10", "handle_A11", "handle_A12", "handle_A13", "handle_A14", 
"handle_A15", "handle_A16", "handle_A17", "handle_A18", "handle_A19", 
"handle_A20", "handle_A21", "handle_A22", "handle_A23", "handle_A24", 
"handle_A25", "handle_A26", "handle_A27", "handle_A28", "handle_A29", 
"handle_A30", "handle_A31", "handle_A32", "handle_A33", "handle_A34", 
"handle_A35", "handle_A36", "handle_A37", "handle_A38", "handle_A39", 
"handle_A40", "handle_A41", "handle_A42", "handle_A43", "handle_A44", 
"handle_A45", "handle_A46", "handle_A47", "handle_A48", "handle_A49", 
"handle_A50", "handle_A51", "handle_A52", "handle_A54", "node1", 
"node2", "node3", "node4", "node5", "node6", "node7", "node8", 
"node9", "node10", "node11", "node12", "node13", "node14", "node15", 
"node16", "node17", "node18", "node19", "node20", "node21", "node22", 
"node23", "node24", "node25", "node27", "node28", "node29", "node30", 
"node31", "node32", "node33", "node34", "node35", "node36", "node37", 
"node38", "node39", "node40", "node41", "node42", "node43", "node44", 
"node45", "node46", "node47", "node48", "node49", "node50", "node51", 
"node52", "node53", "node54"), class = "minsymvec"), overunderobj = structure(c(26, 
16, 10, 20, 6, 24, 3, 12, 15, 2, 19, 7, 23, 11, 25, 4), .Dim = c(8L, 
2L)), symobj = structure(list(Mver = NULL, xver = 26, Mhor = NULL, 
    xhor = NULL, Mrot = NULL, exact_h = NULL, exact_v = NULL, 
    mcdonalds = FALSE, celtic = FALSE, reefknot = FALSE, center_crossing = FALSE, 
    indep = structure(c(TRUE, TRUE, TRUE, TRUE, TRUE, TRUE, TRUE, 
    TRUE, TRUE, TRUE, TRUE, TRUE, TRUE, TRUE, TRUE, TRUE, TRUE, 
    TRUE, TRUE, TRUE, TRUE, TRUE, TRUE, TRUE, TRUE, TRUE, TRUE, 
    TRUE, TRUE, TRUE, TRUE, TRUE, TRUE, TRUE, TRUE, TRUE, TRUE, 
    TRUE, TRUE, TRUE, TRUE, TRUE, TRUE, TRUE, TRUE, TRUE, TRUE, 
    TRUE, TRUE, TRUE, TRUE, TRUE, FALSE, TRUE, TRUE, TRUE, TRUE, 
    TRUE, TRUE, TRUE, TRUE, TRUE, TRUE, TRUE, TRUE, TRUE, TRUE, 
    TRUE, TRUE, TRUE, TRUE, TRUE, TRUE, TRUE, TRUE, TRUE, TRUE, 
    TRUE, TRUE, FALSE, TRUE, TRUE, TRUE, TRUE, TRUE, TRUE, TRUE, 
    TRUE, TRUE, TRUE, TRUE, TRUE, TRUE, TRUE, TRUE, TRUE, TRUE, 
    TRUE, TRUE, TRUE, TRUE, TRUE, TRUE, TRUE, TRUE, TRUE, TRUE, 
    TRUE), .Names = c("handle_A1", "handle_A2", "handle_A3", 
    "handle_A4", "handle_A5", "handle_A6", "handle_A7", "handle_A8", 
    "handle_A9", "handle_A10", "handle_A11", "handle_A12", "handle_A13", 
    "handle_A14", "handle_A15", "handle_A16", "handle_A17", "handle_A18", 
    "handle_A19", "handle_A20", "handle_A21", "handle_A22", "handle_A23", 
    "handle_A24", "handle_A25", "handle_A26", "handle_A27", "handle_A28", 
    "handle_A29", "handle_A30", "handle_A31", "handle_A32", "handle_A33", 
    "handle_A34", "handle_A35", "handle_A36", "handle_A37", "handle_A38", 
    "handle_A39", "handle_A40", "handle_A41", "handle_A42", "handle_A43", 
    "handle_A44", "handle_A45", "handle_A46", "handle_A47", "handle_A48", 
    "handle_A49", "handle_A50", "handle_A51", "handle_A52", "handle_A53", 
    "handle_A54", "node1", "node2", "node3", "node4", "node5", 
    "node6", "node7", "node8", "node9", "node10", "node11", "node12", 
    "node13", "node14", "node15", "node16", "node17", "node18", 
    "node19", "node20", "node21", "node22", "node23", "node24", 
    "node25", "node26", "node27", "node28", "node29", "node30", 
    "node31", "node32", "node33", "node34", "node35", "node36", 
    "node37", "node38", "node39", "node40", "node41", "node42", 
    "node43", "node44", "node45", "node46", "node47", "node48", 
    "node49", "node50", "node51", "node52", "node53", "node54"
    ))), .Names = c("Mver", "xver", "Mhor", "xhor", "Mrot", "exact_h", 
"exact_v", "mcdonalds", "celtic", "reefknot", "center_crossing", 
"indep"))), .Names = c("minsymvec", "overunderobj", "symobj"), class = "knot")
