`k8_14` <-
structure(list(minsymvec = structure(c(-324.088566957871, -159.941967755046, 
33.9911557549661, 207.029656258058, 413.68962242819, 455.318986562193, 
422.061469294373, 208.771472997659, 33.7155321089325, -88.2062815582813, 
29.1265185811155, 100.855454405272, 234.48716047575, 398.645265746956, 
373.707428135445, 338.062093948912, 200.7217227551, 36.6200495303559, 
-242.959617498968, -14.7973162662992, 84.0390776996281, 213.615121418167, 
192.998238996793, -63.9366968609246, -348.986862216145, -410.019775583835, 
-273.600312386531, -352.369654976626, -438.401048630472, -536.115899279815, 
-695.192803208947, -776.766694972676, -740.695319627004, -561.523166872457, 
-775.884060917146, -858.07721120517, -866.330278475361, -754.182564700302, 
-491.262268809316, -323.229414947822, -277.621932625876, -237.860786690917, 
-384.148745688126, -296.357632063018, -74.6094317834195, -279.045718433634, 
-425.815939268355, -830.326369455477, -477.192370992798, -284.542598726156, 
-60.9310213065686, 110.725446243623, 287.634039532813, 443.438749022972, 
451.284073587525, 343.951828119608, 150.014961940223, -47.4307591244721, 
-50.9241781421399, 40.1633067567767, 156.675071750886, 303.275515858696, 
401.010118963976, 366.737723250367, 298.850923508153, 118.914237015249, 
-59.9044277567567, -190.436331608187, 144.872404705677, 208.397957829444, 
149.15855785005, -233.387919335689, -344.277606474998, -369.394705590174, 
-292.764122193688, -396.994178722325, -479.399956876564, -591.905904467522, 
-705.361314603295, -785.207974247456, -688.433554607886, -616.752546496255, 
-814.044465736322, -859.443319171448, -832.203363098112, -639.059178398676, 
-427.484357299427, -313.985834912481, -261.26612778531, -283.774170976257, 
-392.782324819487, -185.213639394729, -73.6278447006904, -134.787702471326, 
-340.83828640725, -519.195213921526, -729.05204151862, -464.016026720752
), .Names = c("handle_A1", "handle_A2", "handle_A3", "handle_A4", 
"handle_A5", "handle_A6", "handle_A7", "handle_A8", "handle_A9", 
"handle_A10", "handle_A11", "handle_A12", "handle_A13", "handle_A14", 
"handle_A15", "handle_A16", "handle_A17", "handle_A18", "handle_A19", 
"handle_A20", "handle_A21", "handle_A22", "handle_A23", "handle_A24", 
"handle_A25", "handle_A26", "handle_A27", "handle_A28", "handle_A29", 
"handle_A30", "handle_A31", "handle_A32", "handle_A33", "handle_A34", 
"handle_A35", "handle_A36", "handle_A37", "handle_A38", "handle_A39", 
"handle_A40", "handle_A41", "handle_A42", "handle_A43", "handle_A44", 
"handle_A46", "handle_A47", "handle_A48", "handle_A49", "handle_A50", 
"node1", "node2", "node3", "node4", "node5", "node6", "node7", 
"node8", "node9", "node10", "node11", "node12", "node13", "node14", 
"node15", "node16", "node17", "node18", "node19", "node21", "node22", 
"node23", "node24", "node25", "node26", "node27", "node28", "node29", 
"node30", "node31", "node32", "node33", "node34", "node35", "node36", 
"node37", "node38", "node39", "node40", "node41", "node42", "node43", 
"node44", "node45", "node46", "node47", "node48", "node49", "node50"
), class = "minsymvec"), overunderobj = structure(c(17, 5, 13, 
24, 9, 23, 3, 19, 22, 14, 8, 10, 24, 4, 18, 2), .Dim = c(8L, 
2L)), symobj = structure(list(Mver = NULL, xver = 20, Mhor = NULL, 
    xhor = NULL, Mrot = NULL, exact_h = NULL, exact_v = NULL, 
    mcdonalds = FALSE, celtic = FALSE, reefknot = FALSE, center_crossing = FALSE, 
    indep = structure(c(TRUE, TRUE, TRUE, TRUE, TRUE, TRUE, TRUE, 
    TRUE, TRUE, TRUE, TRUE, TRUE, TRUE, TRUE, TRUE, TRUE, TRUE, 
    TRUE, TRUE, TRUE, TRUE, TRUE, TRUE, TRUE, TRUE, TRUE, TRUE, 
    TRUE, TRUE, TRUE, TRUE, TRUE, TRUE, TRUE, TRUE, TRUE, TRUE, 
    TRUE, TRUE, TRUE, TRUE, TRUE, TRUE, TRUE, FALSE, TRUE, TRUE, 
    TRUE, TRUE, TRUE, TRUE, TRUE, TRUE, TRUE, TRUE, TRUE, TRUE, 
    TRUE, TRUE, TRUE, TRUE, TRUE, TRUE, TRUE, TRUE, TRUE, TRUE, 
    TRUE, TRUE, FALSE, TRUE, TRUE, TRUE, TRUE, TRUE, TRUE, TRUE, 
    TRUE, TRUE, TRUE, TRUE, TRUE, TRUE, TRUE, TRUE, TRUE, TRUE, 
    TRUE, TRUE, TRUE, TRUE, TRUE, TRUE, TRUE, TRUE, TRUE, TRUE, 
    TRUE, TRUE, TRUE), .Names = c("handle_A1", "handle_A2", "handle_A3", 
    "handle_A4", "handle_A5", "handle_A6", "handle_A7", "handle_A8", 
    "handle_A9", "handle_A10", "handle_A11", "handle_A12", "handle_A13", 
    "handle_A14", "handle_A15", "handle_A16", "handle_A17", "handle_A18", 
    "handle_A19", "handle_A20", "handle_A21", "handle_A22", "handle_A23", 
    "handle_A24", "handle_A25", "handle_A26", "handle_A27", "handle_A28", 
    "handle_A29", "handle_A30", "handle_A31", "handle_A32", "handle_A33", 
    "handle_A34", "handle_A35", "handle_A36", "handle_A37", "handle_A38", 
    "handle_A39", "handle_A40", "handle_A41", "handle_A42", "handle_A43", 
    "handle_A44", "handle_A45", "handle_A46", "handle_A47", "handle_A48", 
    "handle_A49", "handle_A50", "node1", "node2", "node3", "node4", 
    "node5", "node6", "node7", "node8", "node9", "node10", "node11", 
    "node12", "node13", "node14", "node15", "node16", "node17", 
    "node18", "node19", "node20", "node21", "node22", "node23", 
    "node24", "node25", "node26", "node27", "node28", "node29", 
    "node30", "node31", "node32", "node33", "node34", "node35", 
    "node36", "node37", "node38", "node39", "node40", "node41", 
    "node42", "node43", "node44", "node45", "node46", "node47", 
    "node48", "node49", "node50"))), .Names = c("Mver", "xver", 
"Mhor", "xhor", "Mrot", "exact_h", "exact_v", "mcdonalds", "celtic", 
"reefknot", "center_crossing", "indep"))), .Names = c("minsymvec", 
"overunderobj", "symobj"), class = "knot")
