`k8_15` <- 
structure(list(minsymvec = structure(c(128.028560606546, -215.317303219057, 
-356.133597915457, -227.569332386844, -6.96058617347632, -85.2771730814661, 
-218.642196842693, -464.124094424254, -306.128125812295, -74.8247975419732, 
-36.9898176334928, -469.754765461585, -217.038201708243, 84.2483206502852, 
-160.271276065726, -325.30101255735, -553.569771542571, -468.008643814869, 
-265.967843887338, -130.836826523042, -268.955934128842, -331.620142407521, 
-127.987632868844, -45.8914623168407, -123.12110112887, -311.698219531352, 
-433.11015213985, -206.39745794956, -38.2359453769984, -544.988583983882, 
-395.414049896086, -108.648890999314, 91.7694007455186, -228.436571491174, 
-399.373985750586, -554.257334586373, -384.093366747808, -276.441137226518, 
-309.28753458405, -51.5968673322101), .Names = c("handle_A2", 
"handle_A3", "handle_A4", "handle_A5", "handle_A7", "handle_A8", 
"handle_A9", "handle_A10", "handle_A11", "handle_A12", "handle_A18", 
"handle_A23", "handle_A24", "handle_A25", "handle_A27", "handle_A28", 
"handle_A29", "handle_A30", "handle_A31", "handle_A38", "node3", 
"node4", "node5", "node7", "node8", "node9", "node10", "node11", 
"node18", "node22", "node23", "node24", "node25", "node27", "node28", 
"node29", "node30", "node31", "node32", "node38"), class = "minsymvec"), 
    overunderobj = structure(c(19, 14, 2, 9, 4, 7, 12, 17, 6, 
    1, 16, 3, 11, 18, 8, 13), .Dim = c(8L, 2L)), symobj = structure(list(
        Mver = structure(c(5, 4, 18, 7, 11, 10, 3, 8, 9, 19, 
        20, 6, 17, 13, 14, 1, 16, 15), .Dim = c(9L, 2L)), xver = c(2, 
        12), Mhor = NULL, xhor = NULL, Mrot = NULL, exact_h = NULL, 
        exact_v = NULL, mcdonalds = FALSE, celtic = FALSE, reefknot = FALSE, 
        center_crossing = FALSE, indep = structure(c(FALSE, TRUE, 
        TRUE, TRUE, TRUE, FALSE, TRUE, TRUE, TRUE, TRUE, TRUE, 
        TRUE, FALSE, FALSE, FALSE, FALSE, FALSE, TRUE, FALSE, 
        FALSE, FALSE, FALSE, TRUE, TRUE, TRUE, FALSE, TRUE, TRUE, 
        TRUE, TRUE, TRUE, FALSE, FALSE, FALSE, FALSE, FALSE, 
        FALSE, TRUE, FALSE, FALSE, FALSE, FALSE, TRUE, TRUE, 
        TRUE, FALSE, TRUE, TRUE, TRUE, TRUE, TRUE, FALSE, FALSE, 
        FALSE, FALSE, FALSE, FALSE, TRUE, FALSE, FALSE, FALSE, 
        TRUE, TRUE, TRUE, TRUE, FALSE, TRUE, TRUE, TRUE, TRUE, 
        TRUE, TRUE, FALSE, FALSE, FALSE, FALSE, FALSE, TRUE, 
        FALSE, FALSE), .Names = c("handle_A1", "handle_A2", "handle_A3", 
        "handle_A4", "handle_A5", "handle_A6", "handle_A7", "handle_A8", 
        "handle_A9", "handle_A10", "handle_A11", "handle_A12", 
        "handle_A13", "handle_A14", "handle_A15", "handle_A16", 
        "handle_A17", "handle_A18", "handle_A19", "handle_A20", 
        "handle_A21", "handle_A22", "handle_A23", "handle_A24", 
        "handle_A25", "handle_A26", "handle_A27", "handle_A28", 
        "handle_A29", "handle_A30", "handle_A31", "handle_A32", 
        "handle_A33", "handle_A34", "handle_A35", "handle_A36", 
        "handle_A37", "handle_A38", "handle_A39", "handle_A40", 
        "node1", "node2", "node3", "node4", "node5", "node6", 
        "node7", "node8", "node9", "node10", "node11", "node12", 
        "node13", "node14", "node15", "node16", "node17", "node18", 
        "node19", "node20", "node21", "node22", "node23", "node24", 
        "node25", "node26", "node27", "node28", "node29", "node30", 
        "node31", "node32", "node33", "node34", "node35", "node36", 
        "node37", "node38", "node39", "node40"))), .Names = c("Mver", 
    "xver", "Mhor", "xhor", "Mrot", "exact_h", "exact_v", "mcdonalds", 
    "celtic", "reefknot", "center_crossing", "indep"))), .Names = c("minsymvec", 
"overunderobj", "symobj"), class = "knot")
