`k8_15` <-
structure(list(minsymvec = structure(c(129.335351900246, -212.538560323609, 
-346.475964666872, -231.635630479975, -8.88866788191513, -87.4262072710279, 
-218.343833153297, -463.785222254862, -302.853689617462, -80.6818350001094, 
-34.5843808234736, -466.24404599856, -210.775621670632, 84.7838643381604, 
-158.22478735589, -319.847930253947, -550.314879524735, -464.960965903232, 
-257.366351287782, -153.572376760996, -265.957348349544, -325.613157449416, 
-123.167374920535, -51.9490066400259, -126.341325897994, -310.292108855426, 
-432.449700567512, -204.235778990953, -44.0026103939571, -548.223804614895, 
-387.989960813304, -110.781111610677, 92.9549816442591, -226.353078460191, 
-396.689211087496, -551.125882549685, -378.823807011441, -271.385525801335, 
-316.089236843907, -71.7010249346448), .Names = c("handle_A2", 
"handle_A3", "handle_A4", "handle_A5", "handle_A7", "handle_A8", 
"handle_A9", "handle_A10", "handle_A11", "handle_A12", "handle_A18", 
"handle_A23", "handle_A24", "handle_A25", "handle_A27", "handle_A28", 
"handle_A29", "handle_A30", "handle_A31", "handle_A38", "node3", 
"node4", "node5", "node7", "node8", "node9", "node10", "node11", 
"node18", "node22", "node23", "node24", "node25", "node27", "node28", 
"node29", "node30", "node31", "node32", "node38"), class = "minsymvec"), 
    overunderobj = structure(c(19, 14, 2, 9, 4, 7, 12, 17, 6, 
    1, 16, 3, 11, 18, 8, 13), .Dim = c(8L, 2L)), symobj = structure(list(
        Mver = structure(c(5, 4, 18, 7, 11, 10, 3, 8, 9, 19, 
        20, 6, 17, 13, 14, 1, 16, 15), .Dim = c(9L, 2L)), xver = c(2, 
        12), Mhor = NULL, xhor = NULL, Mrot = NULL, exact_h = NULL, 
        exact_v = NULL, mcdonalds = FALSE, celtic = FALSE, reefknot = FALSE, 
        center_crossing = FALSE, indep = structure(c(FALSE, TRUE, 
        TRUE, TRUE, TRUE, FALSE, TRUE, TRUE, TRUE, TRUE, TRUE, 
        TRUE, FALSE, FALSE, FALSE, FALSE, FALSE, TRUE, FALSE, 
        FALSE, FALSE, FALSE, TRUE, TRUE, TRUE, FALSE, TRUE, TRUE, 
        TRUE, TRUE, TRUE, FALSE, FALSE, FALSE, FALSE, FALSE, 
        FALSE, TRUE, FALSE, FALSE, FALSE, FALSE, TRUE, TRUE, 
        TRUE, FALSE, TRUE, TRUE, TRUE, TRUE, TRUE, FALSE, FALSE, 
        FALSE, FALSE, FALSE, FALSE, TRUE, FALSE, FALSE, FALSE, 
        TRUE, TRUE, TRUE, TRUE, FALSE, TRUE, TRUE, TRUE, TRUE, 
        TRUE, TRUE, FALSE, FALSE, FALSE, FALSE, FALSE, TRUE, 
        FALSE, FALSE), .Names = c("handle_A1", "handle_A2", "handle_A3", 
        "handle_A4", "handle_A5", "handle_A6", "handle_A7", "handle_A8", 
        "handle_A9", "handle_A10", "handle_A11", "handle_A12", 
        "handle_A13", "handle_A14", "handle_A15", "handle_A16", 
        "handle_A17", "handle_A18", "handle_A19", "handle_A20", 
        "handle_A21", "handle_A22", "handle_A23", "handle_A24", 
        "handle_A25", "handle_A26", "handle_A27", "handle_A28", 
        "handle_A29", "handle_A30", "handle_A31", "handle_A32", 
        "handle_A33", "handle_A34", "handle_A35", "handle_A36", 
        "handle_A37", "handle_A38", "handle_A39", "handle_A40", 
        "node1", "node2", "node3", "node4", "node5", "node6", 
        "node7", "node8", "node9", "node10", "node11", "node12", 
        "node13", "node14", "node15", "node16", "node17", "node18", 
        "node19", "node20", "node21", "node22", "node23", "node24", 
        "node25", "node26", "node27", "node28", "node29", "node30", 
        "node31", "node32", "node33", "node34", "node35", "node36", 
        "node37", "node38", "node39", "node40"))), .Names = c("Mver", 
    "xver", "Mhor", "xhor", "Mrot", "exact_h", "exact_v", "mcdonalds", 
    "celtic", "reefknot", "center_crossing", "indep"))), .Names = c("minsymvec", 
"overunderobj", "symobj"), class = "knot")
