`k8_15` <-	
structure(list(minsymvec = structure(c(handle_A2 = 127.275300848367, 
handle_A3 = -214.674801667255, handle_A4 = -355.863483923926, 
handle_A5 = -227.739510963471, handle_A7 = -6.79515169580027, 
handle_A8 = -85.0324381941729, handle_A9 = -217.675966677777, 
handle_A10 = -464.318728688283, handle_A11 = -305.723297795558, 
handle_A12 = -74.5641976057317, handle_A18 = -37.0422584280281, 
handle_A23 = -469.832358873542, handle_A24 = -217.468936289547, 
handle_A25 = 84.0062779895516, handle_A27 = -159.970979058272, 
handle_A28 = -324.827280826117, handle_A29 = -553.577706838794, 
handle_A30 = -469.012908316748, handle_A31 = -266.082974729582, 
handle_A38 = -130.524759962236, node3 = -268.553428226757, node4 = -331.483125462629, 
node5 = -128.01906409439, node7 = -45.7434537534915, node8 = -122.704793187938, 
node9 = -310.912523413525, node10 = -433.257024378296, node11 = -206.284049517613, 
node18 = -38.2226608765431, node22 = -544.414732437274, node23 = -395.486090371068, 
node24 = -109.049231476579, node25 = 91.6130107634031, node27 = -228.229320946634, 
node28 = -398.890633709354, node29 = -554.781962757061, node30 = -384.580932292966, 
node31 = -276.4086453437, node32 = -309.120835846763, node38 = -51.4858591753746
), class = "minsymvec"), overunderobj = structure(c(19, 14, 2, 
9, 4, 7, 12, 17, 6, 1, 16, 3, 11, 18, 8, 13), .Dim = c(8L, 2L
)), symobj = list(Mver = structure(c(5, 4, 18, 7, 11, 10, 3, 
8, 9, 19, 20, 6, 17, 13, 14, 1, 16, 15), .Dim = c(9L, 2L)), xver = c(2, 
12), Mhor = NULL, xhor = NULL, Mrot = NULL, exact_h = NULL, exact_v = NULL, 
    mcdonalds = FALSE, celtic = FALSE, reefknot = FALSE, center_crossing = FALSE, 
    indep = c(handle_A1 = FALSE, handle_A2 = TRUE, handle_A3 = TRUE, 
    handle_A4 = TRUE, handle_A5 = TRUE, handle_A6 = FALSE, handle_A7 = TRUE, 
    handle_A8 = TRUE, handle_A9 = TRUE, handle_A10 = TRUE, handle_A11 = TRUE, 
    handle_A12 = TRUE, handle_A13 = FALSE, handle_A14 = FALSE, 
    handle_A15 = FALSE, handle_A16 = FALSE, handle_A17 = FALSE, 
    handle_A18 = TRUE, handle_A19 = FALSE, handle_A20 = FALSE, 
    handle_A21 = FALSE, handle_A22 = FALSE, handle_A23 = TRUE, 
    handle_A24 = TRUE, handle_A25 = TRUE, handle_A26 = FALSE, 
    handle_A27 = TRUE, handle_A28 = TRUE, handle_A29 = TRUE, 
    handle_A30 = TRUE, handle_A31 = TRUE, handle_A32 = FALSE, 
    handle_A33 = FALSE, handle_A34 = FALSE, handle_A35 = FALSE, 
    handle_A36 = FALSE, handle_A37 = FALSE, handle_A38 = TRUE, 
    handle_A39 = FALSE, handle_A40 = FALSE, node1 = FALSE, node2 = FALSE, 
    node3 = TRUE, node4 = TRUE, node5 = TRUE, node6 = FALSE, 
    node7 = TRUE, node8 = TRUE, node9 = TRUE, node10 = TRUE, 
    node11 = TRUE, node12 = FALSE, node13 = FALSE, node14 = FALSE, 
    node15 = FALSE, node16 = FALSE, node17 = FALSE, node18 = TRUE, 
    node19 = FALSE, node20 = FALSE, node21 = FALSE, node22 = TRUE, 
    node23 = TRUE, node24 = TRUE, node25 = TRUE, node26 = FALSE, 
    node27 = TRUE, node28 = TRUE, node29 = TRUE, node30 = TRUE, 
    node31 = TRUE, node32 = TRUE, node33 = FALSE, node34 = FALSE, 
    node35 = FALSE, node36 = FALSE, node37 = FALSE, node38 = TRUE, 
    node39 = FALSE, node40 = FALSE))), class = "knot")
