`k8_16` <-
structure(list(minsymvec = structure(c(11.1664542046037, -54.765180558663, 
-171.790646409959, -319.094703643431, -244.871889626625, -175.594244936305, 
-2.66698150282553, -208.243230318443, -395.515605367501, -441.247464335416, 
-274.034455566066, -37.2668484527966, -33.7206055465587, -97.6073378014236, 
-899.79989421024, -799.702260287027, -466.738691551917, -281.237290894955, 
-228.134220176393, -685.429073665559, -841.953350777591, -765.51279162803, 
-677.391877117029, -511.347931996592, -647.760259888429, -453.945713446695, 
-100.521495041733, -234.983558575644, -304.792393324886, -233.361831788823, 
-107.63946995356, -79.1915836837993, -285.925287138496, -402.168540469578, 
-398.399205289957, -196.642732777183, -58.9739935233015, -57.9574730642302, 
-900.399545168962, -869.955729493407, -661.650063594433, -392.779036628643, 
-272.144390101917, -234.337937910639, -743.271758201065, -831.68523407283, 
-753.166288278742, -602.823009882405, -499.07666240154, -487.246635800024, 
-590.590750772483, -370.556238578936), .Names = c("handle_A4", 
"handle_A5", "handle_A6", "handle_A7", "handle_A8", "handle_A9", 
"handle_A12", "handle_A13", "handle_A14", "handle_A15", "handle_A16", 
"handle_A17", "handle_A23", "handle_A24", "handle_A31", "handle_A32", 
"handle_A33", "handle_A34", "handle_A35", "handle_A38", "handle_A39", 
"handle_A40", "handle_A41", "handle_A42", "handle_A49", "handle_A50", 
"node5", "node6", "node7", "node8", "node9", "node12", "node13", 
"node14", "node15", "node16", "node23", "node24", "node30", "node31", 
"node32", "node33", "node34", "node35", "node38", "node39", "node40", 
"node41", "node42", "node43", "node49", "node50"), class = "minsymvec"), 
    overunderobj = structure(c(25, 11, 23, 13, 7, 17, 19, 3, 
    10, 18, 12, 6, 16, 24, 2, 22), .Dim = c(8L, 2L)), symobj = structure(list(
        Mver = structure(c(9, 8, 7, 24, 16, 23, 15, 6, 12, 15, 
        14, 13, 5, 25, 26, 1, 10, 18, 11, 19, 2, 22, 19, 20, 
        21, 3), .Dim = c(13L, 2L)), xver = c(4, 17), Mhor = NULL, 
        xhor = NULL, Mrot = NULL, exact_h = NULL, exact_v = NULL, 
        mcdonalds = FALSE, celtic = FALSE, reefknot = FALSE, 
        center_crossing = FALSE, indep = structure(c(FALSE, FALSE, 
        FALSE, TRUE, TRUE, TRUE, TRUE, TRUE, TRUE, FALSE, FALSE, 
        TRUE, TRUE, TRUE, TRUE, TRUE, TRUE, FALSE, FALSE, FALSE, 
        FALSE, FALSE, TRUE, TRUE, FALSE, FALSE, FALSE, FALSE, 
        FALSE, FALSE, TRUE, TRUE, TRUE, TRUE, TRUE, FALSE, FALSE, 
        TRUE, TRUE, TRUE, TRUE, TRUE, FALSE, FALSE, FALSE, FALSE, 
        FALSE, FALSE, TRUE, TRUE, FALSE, FALSE, FALSE, FALSE, 
        FALSE, FALSE, TRUE, TRUE, TRUE, TRUE, TRUE, FALSE, FALSE, 
        TRUE, TRUE, TRUE, TRUE, TRUE, FALSE, FALSE, FALSE, FALSE, 
        FALSE, FALSE, TRUE, TRUE, FALSE, FALSE, FALSE, FALSE, 
        FALSE, TRUE, TRUE, TRUE, TRUE, TRUE, TRUE, FALSE, FALSE, 
        TRUE, TRUE, TRUE, TRUE, TRUE, TRUE, FALSE, FALSE, FALSE, 
        FALSE, FALSE, TRUE, TRUE, FALSE, FALSE), .Names = c("handle_A1", 
        "handle_A2", "handle_A3", "handle_A4", "handle_A5", "handle_A6", 
        "handle_A7", "handle_A8", "handle_A9", "handle_A10", 
        "handle_A11", "handle_A12", "handle_A13", "handle_A14", 
        "handle_A15", "handle_A16", "handle_A17", "handle_A18", 
        "handle_A19", "handle_A20", "handle_A21", "handle_A22", 
        "handle_A23", "handle_A24", "handle_A25", "handle_A26", 
        "handle_A27", "handle_A28", "handle_A29", "handle_A30", 
        "handle_A31", "handle_A32", "handle_A33", "handle_A34", 
        "handle_A35", "handle_A36", "handle_A37", "handle_A38", 
        "handle_A39", "handle_A40", "handle_A41", "handle_A42", 
        "handle_A43", "handle_A44", "handle_A45", "handle_A46", 
        "handle_A47", "handle_A48", "handle_A49", "handle_A50", 
        "handle_A51", "handle_A52", "node1", "node2", "node3", 
        "node4", "node5", "node6", "node7", "node8", "node9", 
        "node10", "node11", "node12", "node13", "node14", "node15", 
        "node16", "node17", "node18", "node19", "node20", "node21", 
        "node22", "node23", "node24", "node25", "node26", "node27", 
        "node28", "node29", "node30", "node31", "node32", "node33", 
        "node34", "node35", "node36", "node37", "node38", "node39", 
        "node40", "node41", "node42", "node43", "node44", "node45", 
        "node46", "node47", "node48", "node49", "node50", "node51", 
        "node52"))), .Names = c("Mver", "xver", "Mhor", "xhor", 
    "Mrot", "exact_h", "exact_v", "mcdonalds", "celtic", "reefknot", 
    "center_crossing", "indep"))), .Names = c("minsymvec", "overunderobj", 
"symobj"), class = "knot")
