`k8_17` <-
structure(list(minsymvec = structure(c(-33.0379835443473, 88.2606862860583, 
104.245285549872, 9.73971613375297, -54.8672524025671, -110.726887091198, 
-126.571170950387, -36.9617869129905, 178.109975612054, 262.866038536895, 
262.590826736325, 270.081181164303, -92.3910770982039, -263.72383790345, 
-273.798793575848, -110.402386452533, 83.5900992550719, 312.190239124404, 
447.109129204988, 427.41570916569, 249.613319278751, 101.585377154428, 
-126.112349861888, -329.286975609295, -353.262678883846, -266.832326982271, 
232.151398628717, 88.5807456090295, -180.787025390766, -237.861810336466, 
-107.262056684676, 64.4480328679719, 302.102656402199, 306.188672944412, 
127.231433079385, -1.23895246464887, -254.781989397152, -384.505315293635, 
-310.88378637191, -34.17360815201, 34.7827805450661, 97.7407265691757, 
149.305024350981, 25.8063233811961, -113.110180594431, -161.26065100138, 
-127.590618040565, -117.714000284669, -37.6275135805756, 163.037424009115, 
276.24980305124, 13.990000405326, 111.013819790331, 73.574698910413, 
-86.8888404002653, -109.756967550602, -103.217125434608, 35.0112230900785, 
220.620970740236, 262.649468643469, 262.452648184195, 150.07610666187, 
-134.592537610948, -295.138968325772, -205.158469814105, -16.1236856895509, 
167.041833994393, 370.520504612194, 446.948466522374, 366.038676985538, 
185.238091383287, -0.730822176557289, -197.133132471933, -353.501240604004, 
-333.631238721944, -183.169736638993, 184.285280728477, -16.2013047809902, 
-209.256947092396, -238.92393922528, -193.21425020253, -30.1603762753327, 
151.495193026624, 319.888543547879, 247.405690876604, 25.939523495632, 
-65.5668098156971, -335.895447952442, -369.181337704021, -212.626010098127, 
9.29010555406654, 58.4042145582879, 119.707983324431, 114.921088038985, 
-15.000131448231, -145.135921566176, -148.59218891171, -115.058067063649, 
-97.1358587618349, 33.4213939685808, 193.573095827547, 281.307815750741
), .Names = c("handle_A1", "handle_A2", "handle_A3", "handle_A4", 
"handle_A5", "handle_A6", "handle_A7", "handle_A8", "handle_A9", 
"handle_A10", "handle_A11", "handle_A12", "handle_A13", "handle_A14", 
"handle_A15", "handle_A16", "handle_A17", "handle_A18", "handle_A19", 
"handle_A20", "handle_A21", "handle_A22", "handle_A23", "handle_A24", 
"handle_A25", "handle_A26", "handle_A27", "handle_A28", "handle_A29", 
"handle_A31", "handle_A32", "handle_A33", "handle_A34", "handle_A35", 
"handle_A36", "handle_A37", "handle_A38", "handle_A39", "handle_A40", 
"handle_A41", "handle_A42", "handle_A43", "handle_A44", "handle_A45", 
"handle_A46", "handle_A47", "handle_A48", "handle_A49", "handle_A50", 
"handle_A51", "handle_A52", "node1", "node2", "node3", "node5", 
"node6", "node7", "node8", "node9", "node10", "node11", "node12", 
"node13", "node14", "node15", "node16", "node17", "node18", "node19", 
"node20", "node21", "node22", "node23", "node24", "node25", "node26", 
"node27", "node28", "node29", "node30", "node31", "node32", "node33", 
"node34", "node35", "node36", "node37", "node38", "node39", "node40", 
"node41", "node42", "node43", "node44", "node45", "node46", "node47", 
"node48", "node49", "node50", "node51", "node52"), class = "minsymvec"), 
    overunderobj = structure(c(18, 12, 24, 16, 2, 22, 6, 8, 10, 
    21, 15, 7, 17, 3, 23, 1), .Dim = c(8L, 2L)), symobj = structure(list(
        Mver = NULL, xver = 4, Mhor = NULL, xhor = NULL, Mrot = NULL, 
        exact_h = NULL, exact_v = NULL, mcdonalds = FALSE, celtic = FALSE, 
        reefknot = FALSE, center_crossing = FALSE, indep = structure(c(TRUE, 
        TRUE, TRUE, TRUE, TRUE, TRUE, TRUE, TRUE, TRUE, TRUE, 
        TRUE, TRUE, TRUE, TRUE, TRUE, TRUE, TRUE, TRUE, TRUE, 
        TRUE, TRUE, TRUE, TRUE, TRUE, TRUE, TRUE, TRUE, TRUE, 
        TRUE, FALSE, TRUE, TRUE, TRUE, TRUE, TRUE, TRUE, TRUE, 
        TRUE, TRUE, TRUE, TRUE, TRUE, TRUE, TRUE, TRUE, TRUE, 
        TRUE, TRUE, TRUE, TRUE, TRUE, TRUE, TRUE, TRUE, TRUE, 
        FALSE, TRUE, TRUE, TRUE, TRUE, TRUE, TRUE, TRUE, TRUE, 
        TRUE, TRUE, TRUE, TRUE, TRUE, TRUE, TRUE, TRUE, TRUE, 
        TRUE, TRUE, TRUE, TRUE, TRUE, TRUE, TRUE, TRUE, TRUE, 
        TRUE, TRUE, TRUE, TRUE, TRUE, TRUE, TRUE, TRUE, TRUE, 
        TRUE, TRUE, TRUE, TRUE, TRUE, TRUE, TRUE, TRUE, TRUE, 
        TRUE, TRUE, TRUE, TRUE), .Names = c("handle_A1", "handle_A2", 
        "handle_A3", "handle_A4", "handle_A5", "handle_A6", "handle_A7", 
        "handle_A8", "handle_A9", "handle_A10", "handle_A11", 
        "handle_A12", "handle_A13", "handle_A14", "handle_A15", 
        "handle_A16", "handle_A17", "handle_A18", "handle_A19", 
        "handle_A20", "handle_A21", "handle_A22", "handle_A23", 
        "handle_A24", "handle_A25", "handle_A26", "handle_A27", 
        "handle_A28", "handle_A29", "handle_A30", "handle_A31", 
        "handle_A32", "handle_A33", "handle_A34", "handle_A35", 
        "handle_A36", "handle_A37", "handle_A38", "handle_A39", 
        "handle_A40", "handle_A41", "handle_A42", "handle_A43", 
        "handle_A44", "handle_A45", "handle_A46", "handle_A47", 
        "handle_A48", "handle_A49", "handle_A50", "handle_A51", 
        "handle_A52", "node1", "node2", "node3", "node4", "node5", 
        "node6", "node7", "node8", "node9", "node10", "node11", 
        "node12", "node13", "node14", "node15", "node16", "node17", 
        "node18", "node19", "node20", "node21", "node22", "node23", 
        "node24", "node25", "node26", "node27", "node28", "node29", 
        "node30", "node31", "node32", "node33", "node34", "node35", 
        "node36", "node37", "node38", "node39", "node40", "node41", 
        "node42", "node43", "node44", "node45", "node46", "node47", 
        "node48", "node49", "node50", "node51", "node52"))), .Names = c("Mver", 
    "xver", "Mhor", "xhor", "Mrot", "exact_h", "exact_v", "mcdonalds", 
    "celtic", "reefknot", "center_crossing", "indep"))), .Names = c("minsymvec", 
"overunderobj", "symobj"), class = "knot")
