`k8_17` <- 
structure(list(minsymvec = structure(c(-31.2820434442542, 89.3736109308407, 
104.727617179044, 11.2507134281793, -51.9233559292732, -116.720841007322, 
-125.29331251284, -35.9986828794341, 178.062338782114, 259.61777610913, 
262.593203728629, 267.203325800712, -92.6163712672209, -264.116821526868, 
-272.396689168878, -110.860537065396, 84.0179521140243, 312.581298454268, 
447.619102284374, 425.597498509658, 248.37455961093, 100.541985857299, 
-127.158220264239, -328.546448797395, -353.199580145561, -266.809060394477, 
232.878996644621, 88.0425712513523, -182.114881961132, -237.042932294967, 
-105.780669577431, 65.581293592461, 301.090967491429, 305.392910221786, 
126.732632198319, -1.58988748513321, -253.425335676435, -384.714085207168, 
-310.788118028654, -33.7851739359586, 38.9804062289669, 99.621237535996, 
147.665646106657, 25.9695221749556, -111.464800388433, -162.545522157996, 
-131.555326474203, -118.841218143518, -36.6258236187562, 163.289914162696, 
275.777814892992, 14.2128689114638, 113.508291422546, 73.6603529140002, 
-85.4306018275076, -115.256084426726, -106.824264334725, 35.8208914891071, 
217.11622390337, 261.936216313083, 264.015507272853, 148.616414409553, 
-134.546147667942, -293.04522000273, -206.528784389129, -17.5186408342513, 
164.418638068347, 369.897814560729, 447.26489782234, 366.066572373981, 
185.010573835551, -1.01137833118867, -196.743292661178, -352.454358198373, 
-333.957256852493, -183.427217402673, 186.867455990958, -15.3523705472163, 
-209.178878595997, -237.927002402914, -193.602887217593, -33.2144754863055, 
151.342253812194, 318.634976315919, 246.395664979965, 26.5001227148146, 
-63.5800407470792, -335.237349547871, -369.591726216371, -212.680257136097, 
7.45431483332394, 64.5527506477942, 122.49789443659, 113.437681428702, 
-15.4963277350558, -142.03185326145, -152.300566005955, -120.087048806144, 
-99.4984118158711, 34.1474024192172, 193.69868865698, 278.832199073673
), .Names = c("handle_A1", "handle_A2", "handle_A3", "handle_A4", 
"handle_A5", "handle_A6", "handle_A7", "handle_A8", "handle_A9", 
"handle_A10", "handle_A11", "handle_A12", "handle_A13", "handle_A14", 
"handle_A15", "handle_A16", "handle_A17", "handle_A18", "handle_A19", 
"handle_A20", "handle_A21", "handle_A22", "handle_A23", "handle_A24", 
"handle_A25", "handle_A26", "handle_A27", "handle_A28", "handle_A29", 
"handle_A31", "handle_A32", "handle_A33", "handle_A34", "handle_A35", 
"handle_A36", "handle_A37", "handle_A38", "handle_A39", "handle_A40", 
"handle_A41", "handle_A42", "handle_A43", "handle_A44", "handle_A45", 
"handle_A46", "handle_A47", "handle_A48", "handle_A49", "handle_A50", 
"handle_A51", "handle_A52", "node1", "node2", "node3", "node5", 
"node6", "node7", "node8", "node9", "node10", "node11", "node12", 
"node13", "node14", "node15", "node16", "node17", "node18", "node19", 
"node20", "node21", "node22", "node23", "node24", "node25", "node26", 
"node27", "node28", "node29", "node30", "node31", "node32", "node33", 
"node34", "node35", "node36", "node37", "node38", "node39", "node40", 
"node41", "node42", "node43", "node44", "node45", "node46", "node47", 
"node48", "node49", "node50", "node51", "node52"), class = "minsymvec"), 
    overunderobj = structure(c(18, 12, 24, 16, 2, 22, 6, 8, 10, 
    21, 15, 7, 17, 3, 23, 1), .Dim = c(8L, 2L)), symobj = structure(list(
        Mver = NULL, xver = 4, Mhor = NULL, xhor = NULL, Mrot = NULL, 
        exact_h = NULL, exact_v = NULL, mcdonalds = FALSE, celtic = FALSE, 
        reefknot = FALSE, center_crossing = FALSE, indep = structure(c(TRUE, 
        TRUE, TRUE, TRUE, TRUE, TRUE, TRUE, TRUE, TRUE, TRUE, 
        TRUE, TRUE, TRUE, TRUE, TRUE, TRUE, TRUE, TRUE, TRUE, 
        TRUE, TRUE, TRUE, TRUE, TRUE, TRUE, TRUE, TRUE, TRUE, 
        TRUE, FALSE, TRUE, TRUE, TRUE, TRUE, TRUE, TRUE, TRUE, 
        TRUE, TRUE, TRUE, TRUE, TRUE, TRUE, TRUE, TRUE, TRUE, 
        TRUE, TRUE, TRUE, TRUE, TRUE, TRUE, TRUE, TRUE, TRUE, 
        FALSE, TRUE, TRUE, TRUE, TRUE, TRUE, TRUE, TRUE, TRUE, 
        TRUE, TRUE, TRUE, TRUE, TRUE, TRUE, TRUE, TRUE, TRUE, 
        TRUE, TRUE, TRUE, TRUE, TRUE, TRUE, TRUE, TRUE, TRUE, 
        TRUE, TRUE, TRUE, TRUE, TRUE, TRUE, TRUE, TRUE, TRUE, 
        TRUE, TRUE, TRUE, TRUE, TRUE, TRUE, TRUE, TRUE, TRUE, 
        TRUE, TRUE, TRUE, TRUE), .Names = c("handle_A1", "handle_A2", 
        "handle_A3", "handle_A4", "handle_A5", "handle_A6", "handle_A7", 
        "handle_A8", "handle_A9", "handle_A10", "handle_A11", 
        "handle_A12", "handle_A13", "handle_A14", "handle_A15", 
        "handle_A16", "handle_A17", "handle_A18", "handle_A19", 
        "handle_A20", "handle_A21", "handle_A22", "handle_A23", 
        "handle_A24", "handle_A25", "handle_A26", "handle_A27", 
        "handle_A28", "handle_A29", "handle_A30", "handle_A31", 
        "handle_A32", "handle_A33", "handle_A34", "handle_A35", 
        "handle_A36", "handle_A37", "handle_A38", "handle_A39", 
        "handle_A40", "handle_A41", "handle_A42", "handle_A43", 
        "handle_A44", "handle_A45", "handle_A46", "handle_A47", 
        "handle_A48", "handle_A49", "handle_A50", "handle_A51", 
        "handle_A52", "node1", "node2", "node3", "node4", "node5", 
        "node6", "node7", "node8", "node9", "node10", "node11", 
        "node12", "node13", "node14", "node15", "node16", "node17", 
        "node18", "node19", "node20", "node21", "node22", "node23", 
        "node24", "node25", "node26", "node27", "node28", "node29", 
        "node30", "node31", "node32", "node33", "node34", "node35", 
        "node36", "node37", "node38", "node39", "node40", "node41", 
        "node42", "node43", "node44", "node45", "node46", "node47", 
        "node48", "node49", "node50", "node51", "node52"))), .Names = c("Mver", 
    "xver", "Mhor", "xhor", "Mrot", "exact_h", "exact_v", "mcdonalds", 
    "celtic", "reefknot", "center_crossing", "indep"))), .Names = c("minsymvec", 
"overunderobj", "symobj"), class = "knot")
