`k8_19a` <- 
structure(list(minsymvec = structure(c(65.6173164266697, -142.269194294222, 
-375.709742228843, -418.588174889034, -203.918426415358, -131.632839161585, 
-5.05866980488963, -273.207374437876, -320.849711338346, -143.621524361929, 
-56.8046596228441, -244.10402239693, -85.3733587687652, -437.923193736594, 
-394.651821255409, -293.561941083428, 119.351311967116, 113.400436824961, 
-262.89468293056, 61.4344265645742, -191.699007130832, -440.570194047923, 
-319.61020639476, -155.962866289186, -67.8003665498748, -75.6588352995705, 
-333.088225058327, -278.746379190438, -38.8495705508188, -310.085293454939, 
-208.645706381325, -204.54141423905, -439.650476391527, -332.310002475172, 
-211.202908954841, 133.194607762096, -20.6485723541828, -313.53700869143, 
-460.093135331626, -44.7966038508969), .Names = c("handle_A1", 
"handle_A2", "handle_A3", "handle_A4", "handle_A5", "handle_A6", 
"handle_A8", "handle_A9", "handle_A10", "handle_A11", "handle_A15", 
"handle_A22", "handle_A23", "handle_A24", "handle_A25", "handle_A26", 
"handle_A28", "handle_A29", "handle_A30", "handle_A35", "node2", 
"node3", "node4", "node5", "node6", "node8", "node9", "node10", 
"node15", "node21", "node22", "node23", "node24", "node25", "node26", 
"node28", "node29", "node30", "node31", "node35"), class = "minsymvec"), 
    overunderobj = structure(c(1, 2, 10, 5, 7, 15, 18, 13, 17, 
    6, 3, 11, 16, 8, 12, 20), .Dim = c(8L, 2L)), symobj = structure(list(
        Mver = structure(c(8, 9, 15, 3, 2, 10, 6, 5, 4, 14, 13, 
        7, 19, 20, 12, 16, 17, 18), .Dim = c(9L, 2L)), xver = c(1, 
        11), Mhor = NULL, xhor = NULL, Mrot = NULL, mcdonalds = FALSE, 
        celtic = FALSE, indep = structure(c(TRUE, TRUE, TRUE, 
        TRUE, TRUE, TRUE, FALSE, TRUE, TRUE, TRUE, TRUE, FALSE, 
        FALSE, FALSE, TRUE, FALSE, FALSE, FALSE, FALSE, FALSE, 
        FALSE, TRUE, TRUE, TRUE, TRUE, TRUE, FALSE, TRUE, TRUE, 
        TRUE, FALSE, FALSE, FALSE, FALSE, TRUE, FALSE, FALSE, 
        FALSE, FALSE, FALSE, FALSE, TRUE, TRUE, TRUE, TRUE, TRUE, 
        FALSE, TRUE, TRUE, TRUE, FALSE, FALSE, FALSE, FALSE, 
        TRUE, FALSE, FALSE, FALSE, FALSE, FALSE, TRUE, TRUE, 
        TRUE, TRUE, TRUE, TRUE, FALSE, TRUE, TRUE, TRUE, TRUE, 
        FALSE, FALSE, FALSE, TRUE, FALSE, FALSE, FALSE, FALSE, 
        FALSE), .Names = c("handle_A1", "handle_A2", "handle_A3", 
        "handle_A4", "handle_A5", "handle_A6", "handle_A7", "handle_A8", 
        "handle_A9", "handle_A10", "handle_A11", "handle_A12", 
        "handle_A13", "handle_A14", "handle_A15", "handle_A16", 
        "handle_A17", "handle_A18", "handle_A19", "handle_A20", 
        "handle_A21", "handle_A22", "handle_A23", "handle_A24", 
        "handle_A25", "handle_A26", "handle_A27", "handle_A28", 
        "handle_A29", "handle_A30", "handle_A31", "handle_A32", 
        "handle_A33", "handle_A34", "handle_A35", "handle_A36", 
        "handle_A37", "handle_A38", "handle_A39", "handle_A40", 
        "node1", "node2", "node3", "node4", "node5", "node6", 
        "node7", "node8", "node9", "node10", "node11", "node12", 
        "node13", "node14", "node15", "node16", "node17", "node18", 
        "node19", "node20", "node21", "node22", "node23", "node24", 
        "node25", "node26", "node27", "node28", "node29", "node30", 
        "node31", "node32", "node33", "node34", "node35", "node36", 
        "node37", "node38", "node39", "node40"))), .Names = c("Mver", 
    "xver", "Mhor", "xhor", "Mrot", "mcdonalds", "celtic", "indep"
    ))), .Names = c("minsymvec", "overunderobj", "symobj"), class = "knot")

