`k8_19` <-
structure(list(minsymvec = structure(c(63.154098844941, -119.524590899801, 
-367.535521865202, -384.512252588095, -140.724962434461, -41.7232111509306, 
-278.632753453573, -291.670327589118, -122.39740261273, -20.8240805644368, 
-85.7925085525427, -127.645495831334, -173.020259310495, -461.063631667641, 
-437.883970917956, 128.803634763313, 70.9123252391364, -177.574214182505, 
71.8157674621901, -173.250433921086, -193.802335354217, -405.71284418097, 
-291.678336578029, -74.358806991505, -123.364402437839, -301.991742882794, 
-228.87143575465, -59.1802083013719, -58.6883680104197, -128.001751848931, 
-140.478247280242, -268.441740054073, -478.325529775506, -382.948152605973, 
128.398658852975, -18.1714472773123, -303.792382779042, -527.050844852639, 
-11.0875042959304, -233.263483895202), .Names = c("handle_A1", 
"handle_A2", "handle_A3", "handle_A4", "handle_A5", "handle_A8", 
"handle_A9", "handle_A10", "handle_A11", "handle_A15", "handle_A16", 
"handle_A22", "handle_A23", "handle_A24", "handle_A25", "handle_A28", 
"handle_A29", "handle_A30", "handle_A35", "handle_A36", "node2", 
"node3", "node4", "node5", "node8", "node9", "node10", "node15", 
"node16", "node21", "node22", "node23", "node24", "node25", "node28", 
"node29", "node30", "node31", "node35", "node36"), class = "minsymvec"), 
    overunderobj = structure(c(15, 13, 18, 5, 10, 1, 6, 2, 8, 
    20, 12, 11, 3, 7, 17, 16), .Dim = c(8L, 2L)), symobj = structure(list(
        Mver = structure(c(8, 9, 15, 2, 16, 3, 4, 10, 5, 14, 
        13, 7, 20, 6, 19, 18, 12, 17), .Dim = c(9L, 2L)), xver = c(1, 
        11), Mhor = NULL, xhor = NULL, Mrot = NULL, exact_h = NULL, 
        exact_v = NULL, mcdonalds = FALSE, celtic = FALSE, reefknot = FALSE, 
        center_crossing = FALSE, indep = structure(c(TRUE, TRUE, 
        TRUE, TRUE, TRUE, FALSE, FALSE, TRUE, TRUE, TRUE, TRUE, 
        FALSE, FALSE, FALSE, TRUE, TRUE, FALSE, FALSE, FALSE, 
        FALSE, FALSE, TRUE, TRUE, TRUE, TRUE, FALSE, FALSE, TRUE, 
        TRUE, TRUE, FALSE, FALSE, FALSE, FALSE, TRUE, TRUE, FALSE, 
        FALSE, FALSE, FALSE, FALSE, TRUE, TRUE, TRUE, TRUE, FALSE, 
        FALSE, TRUE, TRUE, TRUE, FALSE, FALSE, FALSE, FALSE, 
        TRUE, TRUE, FALSE, FALSE, FALSE, FALSE, TRUE, TRUE, TRUE, 
        TRUE, TRUE, FALSE, FALSE, TRUE, TRUE, TRUE, TRUE, FALSE, 
        FALSE, FALSE, TRUE, TRUE, FALSE, FALSE, FALSE, FALSE), .Names = c("handle_A1", 
        "handle_A2", "handle_A3", "handle_A4", "handle_A5", "handle_A6", 
        "handle_A7", "handle_A8", "handle_A9", "handle_A10", 
        "handle_A11", "handle_A12", "handle_A13", "handle_A14", 
        "handle_A15", "handle_A16", "handle_A17", "handle_A18", 
        "handle_A19", "handle_A20", "handle_A21", "handle_A22", 
        "handle_A23", "handle_A24", "handle_A25", "handle_A26", 
        "handle_A27", "handle_A28", "handle_A29", "handle_A30", 
        "handle_A31", "handle_A32", "handle_A33", "handle_A34", 
        "handle_A35", "handle_A36", "handle_A37", "handle_A38", 
        "handle_A39", "handle_A40", "node1", "node2", "node3", 
        "node4", "node5", "node6", "node7", "node8", "node9", 
        "node10", "node11", "node12", "node13", "node14", "node15", 
        "node16", "node17", "node18", "node19", "node20", "node21", 
        "node22", "node23", "node24", "node25", "node26", "node27", 
        "node28", "node29", "node30", "node31", "node32", "node33", 
        "node34", "node35", "node36", "node37", "node38", "node39", 
        "node40"))), .Names = c("Mver", "xver", "Mhor", "xhor", 
    "Mrot", "exact_h", "exact_v", "mcdonalds", "celtic", "reefknot", 
    "center_crossing", "indep"))), .Names = c("minsymvec", "overunderobj", 
"symobj"), class = "knot")
