`k8_2` <-	
structure(list(minsymvec = structure(c(-27.6263320964067, -248.415233950627, 
-351.081440015461, -214.314140149666, 115.091716144923, -170.780572383506, 
-229.205903218123, -195.788264094622, -254.90575913553, -146.732969211598, 
-17.0336944516222, -151.492641525541, -37.9158907748637, -40.8544595604802, 
-117.729691974588, -305.133895381626, -401.584608941937, 107.952071591332, 
34.866275489147, -141.062724234628, -421.719200638671, -620.888237930196, 
11.4332712021172, 204.998928012158, -116.861536288629, -297.502820654639, 
-301.644951522503, -107.170927266105, -182.975246908244, -231.521300587977, 
-201.386162574672, -237.976168214149, -74.1408536278819, -61.0861433070025, 
-127.712855421901, -84.8670846738364, -171.312220709611, -363.22111405418, 
-470.284704580384, 172.154427824681, 93.287131142735, -41.9030128795194, 
-270.042247594665, -500.660605556683, -602.289116601426, 68.1039994582495, 
287.492833845881, 390.135671986675), .Names = c("handle_A3", 
"handle_A4", "handle_A5", "handle_A6", "handle_A12", "handle_A13", 
"handle_A14", "handle_A15", "handle_A16", "handle_A17", "handle_A22", 
"handle_A23", "handle_A24", "handle_A27", "handle_A28", "handle_A29", 
"handle_A30", "handle_A37", "handle_A38", "handle_A39", "handle_A40", 
"handle_A41", "handle_A46", "handle_A47", "node3", "node4", "node5", 
"node6", "node13", "node14", "node15", "node16", "node17", "node22", 
"node23", "node27", "node28", "node29", "node30", "node36", "node37", 
"node38", "node39", "node40", "node41", "node46", "node47", "node48"
), class = "minsymvec"), overunderobj = structure(c(12, 21, 9, 
18, 6, 15, 3, 23, 2, 10, 19, 7, 16, 4, 22, 13), .Dim = c(8L, 
2L)), symobj = structure(list(Mver = structure(c(23, 13, 14, 
22, 3, 4, 5, 15, 6, 16, 17, 1, 11, 10, 2, 21, 20, 19, 9, 18, 
8, 7), .Dim = c(11L, 2L)), xver = c(12, 24), Mhor = NULL, xhor = NULL, 
    Mrot = NULL, exact_h = NULL, exact_v = NULL, mcdonalds = FALSE, 
    celtic = FALSE, reefknot = FALSE, center_crossing = FALSE, 
    indep = structure(c(FALSE, FALSE, TRUE, TRUE, TRUE, TRUE, 
    FALSE, FALSE, FALSE, FALSE, FALSE, TRUE, TRUE, TRUE, TRUE, 
    TRUE, TRUE, FALSE, FALSE, FALSE, FALSE, TRUE, TRUE, TRUE, 
    FALSE, FALSE, TRUE, TRUE, TRUE, TRUE, FALSE, FALSE, FALSE, 
    FALSE, FALSE, FALSE, TRUE, TRUE, TRUE, TRUE, TRUE, FALSE, 
    FALSE, FALSE, FALSE, TRUE, TRUE, FALSE, FALSE, FALSE, TRUE, 
    TRUE, TRUE, TRUE, FALSE, FALSE, FALSE, FALSE, FALSE, FALSE, 
    TRUE, TRUE, TRUE, TRUE, TRUE, FALSE, FALSE, FALSE, FALSE, 
    TRUE, TRUE, FALSE, FALSE, FALSE, TRUE, TRUE, TRUE, TRUE, 
    FALSE, FALSE, FALSE, FALSE, FALSE, TRUE, TRUE, TRUE, TRUE, 
    TRUE, TRUE, FALSE, FALSE, FALSE, FALSE, TRUE, TRUE, TRUE), .Names = c("handle_A1", 
    "handle_A2", "handle_A3", "handle_A4", "handle_A5", "handle_A6", 
    "handle_A7", "handle_A8", "handle_A9", "handle_A10", "handle_A11", 
    "handle_A12", "handle_A13", "handle_A14", "handle_A15", "handle_A16", 
    "handle_A17", "handle_A18", "handle_A19", "handle_A20", "handle_A21", 
    "handle_A22", "handle_A23", "handle_A24", "handle_A25", "handle_A26", 
    "handle_A27", "handle_A28", "handle_A29", "handle_A30", "handle_A31", 
    "handle_A32", "handle_A33", "handle_A34", "handle_A35", "handle_A36", 
    "handle_A37", "handle_A38", "handle_A39", "handle_A40", "handle_A41", 
    "handle_A42", "handle_A43", "handle_A44", "handle_A45", "handle_A46", 
    "handle_A47", "handle_A48", "node1", "node2", "node3", "node4", 
    "node5", "node6", "node7", "node8", "node9", "node10", "node11", 
    "node12", "node13", "node14", "node15", "node16", "node17", 
    "node18", "node19", "node20", "node21", "node22", "node23", 
    "node24", "node25", "node26", "node27", "node28", "node29", 
    "node30", "node31", "node32", "node33", "node34", "node35", 
    "node36", "node37", "node38", "node39", "node40", "node41", 
    "node42", "node43", "node44", "node45", "node46", "node47", 
    "node48"))), .Names = c("Mver", "xver", "Mhor", "xhor", "Mrot", 
"exact_h", "exact_v", "mcdonalds", "celtic", "reefknot", "center_crossing", 
"indep"))), .Names = c("minsymvec", "overunderobj", "symobj"), class = "knot")
