`k8_20` <-
structure(list(minsymvec = structure(c(388.98735858478, 308.832057018569, 
110.604613992372, -132.117339763083, -172.196852994506, -148.513245662828, 
-8.20724710626805, 162.578937105181, 362.411548515561, 330.983207200962, 
139.568710489773, -200.051562265386, -324.564861978712, -283.120138156803, 
-140.32162044849, 110.569520164663, 128.820730442676, 139.332148335225, 
148.728501422159, 12.8098210560888, -84.8661109824084, -133.187791553886, 
-77.6154875555718, -10.9898072933113, 137.431467111522, 64.3092211209087, 
-153.987117535799, -245.734427420016, -208.050566564191, -76.2128300506039, 
-16.2860246256764, -1.65131378528326, -32.2607345772663, -170.737817561995, 
-367.810540668837, -426.575676827137, -362.043578058015, -91.0364334549321, 
70.9426752202465, 218.074447990875, 134.896267887871, -42.4866644412513, 
-236.928668510794, -475.394187748272, -572.370330437141, -353.549861881454, 
-213.218546254375, 20.5459860062795, 202.278888612139, 379.668213734318, 
242.760645264586, 18.5452491455972, -159.072982044304, -168.604378062961, 
-96.318482565102, 65.9153969594825, 239.691274971303, 365.771684390324, 
266.112678108541, 1.53469142764432, -263.448586798284, -315.536455192155, 
-247.588811265752, -42.5470706033126, 131.614100375616, 127.275898908833, 
145.99320281127, 106.58592288563, -125.470414410683, -110.902654944347, 
-41.3926596535111, 27.8046100119851, 237.676893081286, -19.6354747790832, 
-194.373746632185, -242.888939118365, -162.236377040767, -66.6270326013054, 
0.139060140996432, -22.6765966976797, -75.7491209260314, -237.920426804731, 
-400.604489486449, -396.993037583083, -275.642851803201, -37.3620645259657, 
114.360287739138, 212.246687115273, 58.1090482458301, -135.047417846629, 
-326.9714835873, -523.794577695877, -573.660699311294, -497.315036860154, 
-292.836850873966, -109.005647675025, 78.5227829604798, 179.924527618035
), .Names = c("handle_A1", "handle_A2", "handle_A3", "handle_A4", 
"handle_A5", "handle_A6", "handle_A7", "handle_A8", "handle_A9", 
"handle_A10", "handle_A11", "handle_A12", "handle_A13", "handle_A14", 
"handle_A15", "handle_A16", "handle_A17", "handle_A18", "handle_A19", 
"handle_A20", "handle_A21", "handle_A22", "handle_A23", "handle_A24", 
"handle_A25", "handle_A26", "handle_A27", "handle_A28", "handle_A29", 
"handle_A30", "handle_A31", "handle_A32", "handle_A33", "handle_A34", 
"handle_A35", "handle_A36", "handle_A37", "handle_A38", "handle_A39", 
"handle_A40", "handle_A41", "handle_A42", "handle_A43", "handle_A44", 
"handle_A46", "handle_A47", "handle_A48", "handle_A49", "handle_A50", 
"node1", "node2", "node3", "node4", "node5", "node6", "node7", 
"node8", "node9", "node10", "node11", "node12", "node13", "node14", 
"node15", "node16", "node17", "node18", "node19", "node21", "node22", 
"node23", "node24", "node25", "node26", "node27", "node28", "node29", 
"node30", "node31", "node32", "node33", "node34", "node35", "node36", 
"node37", "node38", "node39", "node40", "node41", "node42", "node43", 
"node44", "node45", "node46", "node47", "node48", "node49", "node50"
), class = "minsymvec"), overunderobj = structure(c(25, 17, 3, 
19, 12, 23, 7, 9, 16, 8, 18, 11, 22, 4, 24, 2), .Dim = c(8L, 
2L)), symobj = structure(list(Mver = NULL, xver = 20, Mhor = NULL, 
    xhor = NULL, Mrot = NULL, exact_h = NULL, exact_v = NULL, 
    mcdonalds = FALSE, celtic = FALSE, reefknot = FALSE, center_crossing = FALSE, 
    indep = structure(c(TRUE, TRUE, TRUE, TRUE, TRUE, TRUE, TRUE, 
    TRUE, TRUE, TRUE, TRUE, TRUE, TRUE, TRUE, TRUE, TRUE, TRUE, 
    TRUE, TRUE, TRUE, TRUE, TRUE, TRUE, TRUE, TRUE, TRUE, TRUE, 
    TRUE, TRUE, TRUE, TRUE, TRUE, TRUE, TRUE, TRUE, TRUE, TRUE, 
    TRUE, TRUE, TRUE, TRUE, TRUE, TRUE, TRUE, FALSE, TRUE, TRUE, 
    TRUE, TRUE, TRUE, TRUE, TRUE, TRUE, TRUE, TRUE, TRUE, TRUE, 
    TRUE, TRUE, TRUE, TRUE, TRUE, TRUE, TRUE, TRUE, TRUE, TRUE, 
    TRUE, TRUE, FALSE, TRUE, TRUE, TRUE, TRUE, TRUE, TRUE, TRUE, 
    TRUE, TRUE, TRUE, TRUE, TRUE, TRUE, TRUE, TRUE, TRUE, TRUE, 
    TRUE, TRUE, TRUE, TRUE, TRUE, TRUE, TRUE, TRUE, TRUE, TRUE, 
    TRUE, TRUE, TRUE), .Names = c("handle_A1", "handle_A2", "handle_A3", 
    "handle_A4", "handle_A5", "handle_A6", "handle_A7", "handle_A8", 
    "handle_A9", "handle_A10", "handle_A11", "handle_A12", "handle_A13", 
    "handle_A14", "handle_A15", "handle_A16", "handle_A17", "handle_A18", 
    "handle_A19", "handle_A20", "handle_A21", "handle_A22", "handle_A23", 
    "handle_A24", "handle_A25", "handle_A26", "handle_A27", "handle_A28", 
    "handle_A29", "handle_A30", "handle_A31", "handle_A32", "handle_A33", 
    "handle_A34", "handle_A35", "handle_A36", "handle_A37", "handle_A38", 
    "handle_A39", "handle_A40", "handle_A41", "handle_A42", "handle_A43", 
    "handle_A44", "handle_A45", "handle_A46", "handle_A47", "handle_A48", 
    "handle_A49", "handle_A50", "node1", "node2", "node3", "node4", 
    "node5", "node6", "node7", "node8", "node9", "node10", "node11", 
    "node12", "node13", "node14", "node15", "node16", "node17", 
    "node18", "node19", "node20", "node21", "node22", "node23", 
    "node24", "node25", "node26", "node27", "node28", "node29", 
    "node30", "node31", "node32", "node33", "node34", "node35", 
    "node36", "node37", "node38", "node39", "node40", "node41", 
    "node42", "node43", "node44", "node45", "node46", "node47", 
    "node48", "node49", "node50"))), .Names = c("Mver", "xver", 
"Mhor", "xhor", "Mrot", "exact_h", "exact_v", "mcdonalds", "celtic", 
"reefknot", "center_crossing", "indep"))), .Names = c("minsymvec", 
"overunderobj", "symobj"), class = "knot")
