`k8_21` <-
structure(list(minsymvec = structure(c(261.040263351213, 293.85338632957, 
290.004604301294, 22.1011861788711, -187.973011218355, -254.726646137916, 
-78.3242006784437, 89.0747656573345, 336.96480986182, 462.987647527311, 
460.717181382945, 268.683555132058, 132.122560021784, -110.062534917468, 
-315.846748072504, -340.8983169796, -297.916049133964, 120.499071398291, 
111.391533926118, 13.8318545053192, -52.0374867150844, -95.6284725853183, 
-67.9664252849782, -79.4697585580413, -154.900004101544, -532.32225681401, 
-695.509746704734, -295.88714442865, -255.45601932177, -205.783877226755, 
-152.514042559084, -260.926599085976, -403.528681348114, -470.352500701519, 
-441.693217253059, -415.652798193192, -316.847564131574, -169.662912216807, 
-45.3585433710361, -212.721530141926, -509.364659840587, -551.98025274631, 
-541.653031583254, -401.474995794246, -48.0407437495996, 268.11666943584, 
286.34133609766, 208.391785378561, -273.003060691989, -174.176714058874, 
7.81226187350639, 185.976883578416, 389.508096856029, 467.192398318408, 
395.866605367515, 204.914736288818, 18.0851867762224, -191.264223934694, 
-335.323568183198, -336.794835290238, -149.855850885637, 137.008504867023, 
78.3947549459217, 2.39332063188739, -79.207638358615, -89.538655853153, 
73.0526746927008, -95.3396998449258, -310.399631144484, -613.783445481163, 
-696.801698028089, -552.538586969497, -258.878124781468, -243.106335839996, 
-180.808563789096, -182.517648135236, -299.846308007712, -445.076749812839, 
-458.89903398601, -420.600200956681, -384.440063540604, -265.047290139986, 
-157.796629264895, -45.1034328110851, -335.239670563304, -531.826638596992, 
-550.477783978366, -493.686843616571, -337.767535224494, -12.6490579238621
), .Names = c("handle_A1", "handle_A2", "handle_A3", "handle_A4", 
"handle_A5", "handle_A6", "handle_A7", "handle_A8", "handle_A9", 
"handle_A10", "handle_A11", "handle_A12", "handle_A13", "handle_A14", 
"handle_A15", "handle_A16", "handle_A17", "handle_A18", "handle_A19", 
"handle_A20", "handle_A21", "handle_A22", "handle_A23", "handle_A24", 
"handle_A25", "handle_A26", "handle_A28", "handle_A29", "handle_A30", 
"handle_A31", "handle_A32", "handle_A33", "handle_A34", "handle_A35", 
"handle_A36", "handle_A37", "handle_A38", "handle_A39", "handle_A40", 
"handle_A41", "handle_A42", "handle_A43", "handle_A44", "handle_A45", 
"handle_A46", "node1", "node2", "node3", "node5", "node6", "node7", 
"node8", "node9", "node10", "node11", "node12", "node13", "node14", 
"node15", "node16", "node17", "node18", "node19", "node20", "node21", 
"node22", "node23", "node24", "node25", "node26", "node27", "node28", 
"node29", "node30", "node31", "node32", "node33", "node34", "node35", 
"node36", "node37", "node38", "node39", "node40", "node41", "node42", 
"node43", "node44", "node45", "node46"), class = "minsymvec"), 
    overunderobj = structure(c(9, 3, 15, 7, 18, 13, 22, 23, 2, 
    12, 6, 23, 8, 19, 14, 18), .Dim = c(8L, 2L)), symobj = structure(list(
        Mver = NULL, xver = 4, Mhor = NULL, xhor = NULL, Mrot = NULL, 
        exact_h = NULL, exact_v = NULL, mcdonalds = FALSE, celtic = FALSE, 
        reefknot = FALSE, center_crossing = FALSE, indep = structure(c(TRUE, 
        TRUE, TRUE, TRUE, TRUE, TRUE, TRUE, TRUE, TRUE, TRUE, 
        TRUE, TRUE, TRUE, TRUE, TRUE, TRUE, TRUE, TRUE, TRUE, 
        TRUE, TRUE, TRUE, TRUE, TRUE, TRUE, TRUE, FALSE, TRUE, 
        TRUE, TRUE, TRUE, TRUE, TRUE, TRUE, TRUE, TRUE, TRUE, 
        TRUE, TRUE, TRUE, TRUE, TRUE, TRUE, TRUE, TRUE, TRUE, 
        TRUE, TRUE, TRUE, FALSE, TRUE, TRUE, TRUE, TRUE, TRUE, 
        TRUE, TRUE, TRUE, TRUE, TRUE, TRUE, TRUE, TRUE, TRUE, 
        TRUE, TRUE, TRUE, TRUE, TRUE, TRUE, TRUE, TRUE, TRUE, 
        TRUE, TRUE, TRUE, TRUE, TRUE, TRUE, TRUE, TRUE, TRUE, 
        TRUE, TRUE, TRUE, TRUE, TRUE, TRUE, TRUE, TRUE, TRUE, 
        TRUE), .Names = c("handle_A1", "handle_A2", "handle_A3", 
        "handle_A4", "handle_A5", "handle_A6", "handle_A7", "handle_A8", 
        "handle_A9", "handle_A10", "handle_A11", "handle_A12", 
        "handle_A13", "handle_A14", "handle_A15", "handle_A16", 
        "handle_A17", "handle_A18", "handle_A19", "handle_A20", 
        "handle_A21", "handle_A22", "handle_A23", "handle_A24", 
        "handle_A25", "handle_A26", "handle_A27", "handle_A28", 
        "handle_A29", "handle_A30", "handle_A31", "handle_A32", 
        "handle_A33", "handle_A34", "handle_A35", "handle_A36", 
        "handle_A37", "handle_A38", "handle_A39", "handle_A40", 
        "handle_A41", "handle_A42", "handle_A43", "handle_A44", 
        "handle_A45", "handle_A46", "node1", "node2", "node3", 
        "node4", "node5", "node6", "node7", "node8", "node9", 
        "node10", "node11", "node12", "node13", "node14", "node15", 
        "node16", "node17", "node18", "node19", "node20", "node21", 
        "node22", "node23", "node24", "node25", "node26", "node27", 
        "node28", "node29", "node30", "node31", "node32", "node33", 
        "node34", "node35", "node36", "node37", "node38", "node39", 
        "node40", "node41", "node42", "node43", "node44", "node45", 
        "node46"))), .Names = c("Mver", "xver", "Mhor", "xhor", 
    "Mrot", "exact_h", "exact_v", "mcdonalds", "celtic", "reefknot", 
    "center_crossing", "indep"))), .Names = c("minsymvec", "overunderobj", 
"symobj"), class = "knot")
