`k8_3` <-	
structure(list(minsymvec = structure(c(8.9707264501409, -60.2965779234298, 
-100.753102405073, -197.631155354625, -275.006330756778, -251.187799575217, 
-41.230415003731, -20.9149573477404, -198.846276401298, -245.812139951639, 
-104.84754094709, -43.329264179036, -31.9334039035726, -580.646865591205, 
-437.465038011803, -208.378817876139, 200.15201148153, 387.582447624291, 
253.873520227444, -142.041982861301, -226.287015070994, -396.896717847833, 
-100.699837648, 246.877971501672, -93.1142106744769, -128.952070698645, 
-240.736225313267, -271.694554289793, -149.065183363596, -40.7165055930953, 
-85.7333847046839, -229.068070400339, -194.653606019318, -37.3143380811318, 
-36.1204113964765, -581.299156299838, -525.95103152132, -324.669905568386, 
-49.171783144733, 228.574611560069, 438.723884731148, 153.69402648806, 
-178.177415835994, -278.801965706885, -432.020342750604, -450.478407067449, 
-20.6092116168924, 329.509538716352), .Names = c("handle_A5", 
"handle_A6", "handle_A7", "handle_A8", "handle_A9", "handle_A10", 
"handle_A12", "handle_A14", "handle_A15", "handle_A16", "handle_A17", 
"handle_A21", "handle_A23", "handle_A30", "handle_A31", "handle_A32", 
"handle_A33", "handle_A34", "handle_A36", "handle_A38", "handle_A39", 
"handle_A40", "handle_A45", "handle_A47", "node6", "node7", "node8", 
"node9", "node10", "node12", "node14", "node15", "node16", "node21", 
"node23", "node29", "node30", "node31", "node32", "node33", "node34", 
"node36", "node38", "node39", "node40", "node41", "node45", "node47"
), class = "minsymvec"), overunderobj = structure(c(11, 23, 13, 
21, 3, 18, 7, 15, 24, 12, 22, 14, 20, 4, 17, 8), .Dim = c(8L, 
2L)), symobj = structure(list(Mver = structure(c(10, 23, 9, 8, 
12, 21, 14, 15, 7, 16, 6, 24, 11, 1, 2, 22, 13, 20, 19, 3, 18, 
4), .Dim = c(11L, 2L)), xver = c(5, 17), Mhor = NULL, xhor = NULL, 
    Mrot = NULL, exact_h = NULL, exact_v = NULL, mcdonalds = FALSE, 
    celtic = FALSE, reefknot = FALSE, center_crossing = FALSE, 
    indep = structure(c(FALSE, FALSE, FALSE, FALSE, TRUE, TRUE, 
    TRUE, TRUE, TRUE, TRUE, FALSE, TRUE, FALSE, TRUE, TRUE, TRUE, 
    TRUE, FALSE, FALSE, FALSE, TRUE, FALSE, TRUE, FALSE, FALSE, 
    FALSE, FALSE, FALSE, FALSE, TRUE, TRUE, TRUE, TRUE, TRUE, 
    FALSE, TRUE, FALSE, TRUE, TRUE, TRUE, FALSE, FALSE, FALSE, 
    FALSE, TRUE, FALSE, TRUE, FALSE, FALSE, FALSE, FALSE, FALSE, 
    FALSE, TRUE, TRUE, TRUE, TRUE, TRUE, FALSE, TRUE, FALSE, 
    TRUE, TRUE, TRUE, FALSE, FALSE, FALSE, FALSE, TRUE, FALSE, 
    TRUE, FALSE, FALSE, FALSE, FALSE, FALSE, TRUE, TRUE, TRUE, 
    TRUE, TRUE, TRUE, FALSE, TRUE, FALSE, TRUE, TRUE, TRUE, TRUE, 
    FALSE, FALSE, FALSE, TRUE, FALSE, TRUE, FALSE), .Names = c("handle_A1", 
    "handle_A2", "handle_A3", "handle_A4", "handle_A5", "handle_A6", 
    "handle_A7", "handle_A8", "handle_A9", "handle_A10", "handle_A11", 
    "handle_A12", "handle_A13", "handle_A14", "handle_A15", "handle_A16", 
    "handle_A17", "handle_A18", "handle_A19", "handle_A20", "handle_A21", 
    "handle_A22", "handle_A23", "handle_A24", "handle_A25", "handle_A26", 
    "handle_A27", "handle_A28", "handle_A29", "handle_A30", "handle_A31", 
    "handle_A32", "handle_A33", "handle_A34", "handle_A35", "handle_A36", 
    "handle_A37", "handle_A38", "handle_A39", "handle_A40", "handle_A41", 
    "handle_A42", "handle_A43", "handle_A44", "handle_A45", "handle_A46", 
    "handle_A47", "handle_A48", "node1", "node2", "node3", "node4", 
    "node5", "node6", "node7", "node8", "node9", "node10", "node11", 
    "node12", "node13", "node14", "node15", "node16", "node17", 
    "node18", "node19", "node20", "node21", "node22", "node23", 
    "node24", "node25", "node26", "node27", "node28", "node29", 
    "node30", "node31", "node32", "node33", "node34", "node35", 
    "node36", "node37", "node38", "node39", "node40", "node41", 
    "node42", "node43", "node44", "node45", "node46", "node47", 
    "node48"))), .Names = c("Mver", "xver", "Mhor", "xhor", "Mrot", 
"exact_h", "exact_v", "mcdonalds", "celtic", "reefknot", "center_crossing", 
"indep"))), .Names = c("minsymvec", "overunderobj", "symobj"), class = "knot")
