`k8_3_90deg_crossing` <-
structure(list(minsymvec = structure(c(handle_A5 = 8.65977116916177, 
handle_A6 = -60.0549439456007, handle_A7 = -97.5086651618633, 
handle_A8 = -198.802742834368, handle_A9 = -272.776772162844, 
handle_A10 = -250.093851453093, handle_A12 = -45.0530266579733, 
handle_A14 = -13.8070716863708, handle_A15 = -196.091668585641, 
handle_A16 = -243.782920798877, handle_A17 = -102.099546218181, 
handle_A21 = -46.2535949167034, handle_A23 = -32.6145640447961, 
handle_A30 = -579.718794754717, handle_A31 = -435.967393964086, 
handle_A32 = -202.985792147101, handle_A33 = 203.54525544021, 
handle_A34 = 388.024171178336, handle_A36 = 254.363122943388, 
handle_A38 = -142.939012828488, handle_A39 = -225.846537678148, 
handle_A40 = -400.452302453169, handle_A45 = -99.7195312785883, 
handle_A47 = 242.798660282242, node6 = -91.9942436221725, node7 = -124.899778843717, 
node8 = -240.411329026946, node9 = -269.794854766613, node10 = -147.492968524091, 
node12 = -44.335919945018, node14 = -79.9981247398988, node15 = -227.682824049213, 
node16 = -191.384945225255, node21 = -38.7852365481727, node23 = -36.987994143934, 
node29 = -580.3337488317, node30 = -524.839928325054, node31 = -325.211903489395, 
node32 = -44.2021163463205, node33 = 229.232848739554, node34 = 438.759614468858, 
node36 = 151.182405369794, node38 = -179.435300715832, node39 = -279.746786881279, 
node40 = -434.046621164361, node41 = -448.718150955967, node45 = -21.0857377223154, 
node47 = 325.309288075227), class = "minsymvec"), overunderobj = structure(c(11, 
23, 13, 21, 3, 18, 7, 15, 24, 12, 22, 14, 20, 4, 17, 8), .Dim = c(8L, 
2L)), symobj = list(Mver = structure(c(10, 23, 9, 8, 12, 21, 
14, 15, 7, 16, 6, 24, 11, 1, 2, 22, 13, 20, 19, 3, 18, 4), .Dim = c(11L, 
2L)), xver = c(5, 17), Mhor = NULL, xhor = NULL, Mrot = NULL, 
    exact_h = NULL, exact_v = NULL, mcdonalds = FALSE, celtic = FALSE, 
    reefknot = FALSE, center_crossing = FALSE, indep = c(handle_A1 = FALSE, 
    handle_A2 = FALSE, handle_A3 = FALSE, handle_A4 = FALSE, 
    handle_A5 = TRUE, handle_A6 = TRUE, handle_A7 = TRUE, handle_A8 = TRUE, 
    handle_A9 = TRUE, handle_A10 = TRUE, handle_A11 = FALSE, 
    handle_A12 = TRUE, handle_A13 = FALSE, handle_A14 = TRUE, 
    handle_A15 = TRUE, handle_A16 = TRUE, handle_A17 = TRUE, 
    handle_A18 = FALSE, handle_A19 = FALSE, handle_A20 = FALSE, 
    handle_A21 = TRUE, handle_A22 = FALSE, handle_A23 = TRUE, 
    handle_A24 = FALSE, handle_A25 = FALSE, handle_A26 = FALSE, 
    handle_A27 = FALSE, handle_A28 = FALSE, handle_A29 = FALSE, 
    handle_A30 = TRUE, handle_A31 = TRUE, handle_A32 = TRUE, 
    handle_A33 = TRUE, handle_A34 = TRUE, handle_A35 = FALSE, 
    handle_A36 = TRUE, handle_A37 = FALSE, handle_A38 = TRUE, 
    handle_A39 = TRUE, handle_A40 = TRUE, handle_A41 = FALSE, 
    handle_A42 = FALSE, handle_A43 = FALSE, handle_A44 = FALSE, 
    handle_A45 = TRUE, handle_A46 = FALSE, handle_A47 = TRUE, 
    handle_A48 = FALSE, node1 = FALSE, node2 = FALSE, node3 = FALSE, 
    node4 = FALSE, node5 = FALSE, node6 = TRUE, node7 = TRUE, 
    node8 = TRUE, node9 = TRUE, node10 = TRUE, node11 = FALSE, 
    node12 = TRUE, node13 = FALSE, node14 = TRUE, node15 = TRUE, 
    node16 = TRUE, node17 = FALSE, node18 = FALSE, node19 = FALSE, 
    node20 = FALSE, node21 = TRUE, node22 = FALSE, node23 = TRUE, 
    node24 = FALSE, node25 = FALSE, node26 = FALSE, node27 = FALSE, 
    node28 = FALSE, node29 = TRUE, node30 = TRUE, node31 = TRUE, 
    node32 = TRUE, node33 = TRUE, node34 = TRUE, node35 = FALSE, 
    node36 = TRUE, node37 = FALSE, node38 = TRUE, node39 = TRUE, 
    node40 = TRUE, node41 = TRUE, node42 = FALSE, node43 = FALSE, 
    node44 = FALSE, node45 = TRUE, node46 = FALSE, node47 = TRUE, 
    node48 = FALSE))), class = "knot")
