`k8_4` <-
structure(list(minsymvec = structure(c(470.454803739079, 229.091496111787, 
171.435264131254, 190.637030660717, 157.369252315519, 56.8305176737739, 
-80.1892885155802, -191.351976410339, -144.832136451518, -114.552311630359, 
-152.919146383578, -155.939549407342, -115.592259618973, 176.003988008625, 
281.900149024761, 264.834565489099, 163.851486066954, 80.8757913898335, 
58.9383395654346, -46.5858648501374, -372.390110801048, -396.538974373017, 
-88.8084217328059, -71.6425802255638, -154.966502614834, -214.89848295543, 
-148.617620709408, -80.8397698414263, -59.8024161123598, 36.1407366258416, 
-234.810861546049, -455.11201454817, -420.860930667721, -286.587095671185, 
-146.550428670945, -106.440648725369, -185.101051593205, -290.466560005075, 
-388.73464477622, -482.035882355893, -591.240068331502, -689.302643854949, 
-682.035492868219, -416.414398355677, -356.244614894261, -296.116567102671, 
-217.388893001919, -111.056175005361, 84.5631800865366, -278.634001688505, 
-589.338275947334, -625.194457751466, -547.99445617444, -475.971951396594, 
-351.465036486639, -278.856908596882, -196.500215527479, -105.632313922223, 
81.3699209085808, 405.277355801062, 221.828880017029, 167.660251582504, 
188.703390448534, 116.709956082602, -123.848632772942, -180.32483890703, 
-131.496179749209, -124.662345257744, -160.142490759885, -152.082647468645, 
-19.821245493828, 241.396703099211, 278.81104801644, 227.079971303447, 
129.941497479291, 66.3471880157708, 40.4356662287402, -190.947239763076, 
-378.992485942961, -265.127717021433, -82.3850588292034, -99.8369015177179, 
-186.279522641263, -194.066970775523, -118.428003715917, -69.6882016811917, 
-41.9274918454159, 187.871321065611, -377.089445505257, -450.871929053285, 
-361.888644351839, -234.996695546312, -129.403496200414, -123.294745417937, 
-123.92142209452, -229.812345716321, -326.436693492353, -429.086490575255, 
-521.784983391157, -600.726946903458, -706.356087221199, -594.892533245349, 
-405.237817568235, -324.791678907725, -268.926047931933, -177.625878159959, 
-63.9027184026111, 4.16227779091608, -334.120027771049, -659.923323858703, 
-604.980932735732, -510.623245014929, -436.47432275785, -317.745766067798, 
-245.622468127023, -166.190666357569, -62.5763045662619, 28.9293725476235
), .Names = c("handle_A1", "handle_A2", "handle_A3", "handle_A4", 
"handle_A5", "handle_A6", "handle_A7", "handle_A8", "handle_A9", 
"handle_A10", "handle_A11", "handle_A12", "handle_A13", "handle_A14", 
"handle_A15", "handle_A16", "handle_A17", "handle_A18", "handle_A19", 
"handle_A20", "handle_A21", "handle_A22", "handle_A23", "handle_A24", 
"handle_A25", "handle_A26", "handle_A27", "handle_A28", "handle_A29", 
"handle_A30", "handle_A31", "handle_A32", "handle_A33", "handle_A34", 
"handle_A35", "handle_A37", "handle_A38", "handle_A39", "handle_A40", 
"handle_A41", "handle_A42", "handle_A43", "handle_A44", "handle_A45", 
"handle_A46", "handle_A47", "handle_A48", "handle_A49", "handle_A50", 
"handle_A51", "handle_A52", "handle_A53", "handle_A54", "handle_A55", 
"handle_A56", "handle_A57", "handle_A58", "handle_A59", "handle_A60", 
"node1", "node2", "node3", "node4", "node5", "node7", "node8", 
"node9", "node10", "node11", "node12", "node13", "node14", "node15", 
"node16", "node17", "node18", "node19", "node20", "node21", "node22", 
"node23", "node24", "node25", "node26", "node27", "node28", "node29", 
"node30", "node31", "node32", "node33", "node34", "node35", "node36", 
"node37", "node38", "node39", "node40", "node41", "node42", "node43", 
"node44", "node45", "node46", "node47", "node48", "node49", "node50", 
"node51", "node52", "node53", "node54", "node55", "node56", "node57", 
"node58", "node59", "node60"), class = "minsymvec"), overunderobj = structure(c(2, 
17, 6, 29, 9, 25, 13, 30, 15, 4, 19, 7, 27, 11, 23, 20), .Dim = c(8L, 
2L)), symobj = structure(list(Mver = NULL, xver = 6, Mhor = NULL, 
    xhor = NULL, Mrot = NULL, exact_h = NULL, exact_v = NULL, 
    mcdonalds = FALSE, celtic = FALSE, reefknot = FALSE, center_crossing = FALSE, 
    indep = structure(c(TRUE, TRUE, TRUE, TRUE, TRUE, TRUE, TRUE, 
    TRUE, TRUE, TRUE, TRUE, TRUE, TRUE, TRUE, TRUE, TRUE, TRUE, 
    TRUE, TRUE, TRUE, TRUE, TRUE, TRUE, TRUE, TRUE, TRUE, TRUE, 
    TRUE, TRUE, TRUE, TRUE, TRUE, TRUE, TRUE, TRUE, FALSE, TRUE, 
    TRUE, TRUE, TRUE, TRUE, TRUE, TRUE, TRUE, TRUE, TRUE, TRUE, 
    TRUE, TRUE, TRUE, TRUE, TRUE, TRUE, TRUE, TRUE, TRUE, TRUE, 
    TRUE, TRUE, TRUE, TRUE, TRUE, TRUE, TRUE, TRUE, FALSE, TRUE, 
    TRUE, TRUE, TRUE, TRUE, TRUE, TRUE, TRUE, TRUE, TRUE, TRUE, 
    TRUE, TRUE, TRUE, TRUE, TRUE, TRUE, TRUE, TRUE, TRUE, TRUE, 
    TRUE, TRUE, TRUE, TRUE, TRUE, TRUE, TRUE, TRUE, TRUE, TRUE, 
    TRUE, TRUE, TRUE, TRUE, TRUE, TRUE, TRUE, TRUE, TRUE, TRUE, 
    TRUE, TRUE, TRUE, TRUE, TRUE, TRUE, TRUE, TRUE, TRUE, TRUE, 
    TRUE, TRUE, TRUE), .Names = c("handle_A1", "handle_A2", "handle_A3", 
    "handle_A4", "handle_A5", "handle_A6", "handle_A7", "handle_A8", 
    "handle_A9", "handle_A10", "handle_A11", "handle_A12", "handle_A13", 
    "handle_A14", "handle_A15", "handle_A16", "handle_A17", "handle_A18", 
    "handle_A19", "handle_A20", "handle_A21", "handle_A22", "handle_A23", 
    "handle_A24", "handle_A25", "handle_A26", "handle_A27", "handle_A28", 
    "handle_A29", "handle_A30", "handle_A31", "handle_A32", "handle_A33", 
    "handle_A34", "handle_A35", "handle_A36", "handle_A37", "handle_A38", 
    "handle_A39", "handle_A40", "handle_A41", "handle_A42", "handle_A43", 
    "handle_A44", "handle_A45", "handle_A46", "handle_A47", "handle_A48", 
    "handle_A49", "handle_A50", "handle_A51", "handle_A52", "handle_A53", 
    "handle_A54", "handle_A55", "handle_A56", "handle_A57", "handle_A58", 
    "handle_A59", "handle_A60", "node1", "node2", "node3", "node4", 
    "node5", "node6", "node7", "node8", "node9", "node10", "node11", 
    "node12", "node13", "node14", "node15", "node16", "node17", 
    "node18", "node19", "node20", "node21", "node22", "node23", 
    "node24", "node25", "node26", "node27", "node28", "node29", 
    "node30", "node31", "node32", "node33", "node34", "node35", 
    "node36", "node37", "node38", "node39", "node40", "node41", 
    "node42", "node43", "node44", "node45", "node46", "node47", 
    "node48", "node49", "node50", "node51", "node52", "node53", 
    "node54", "node55", "node56", "node57", "node58", "node59", 
    "node60"))), .Names = c("Mver", "xver", "Mhor", "xhor", "Mrot", 
"exact_h", "exact_v", "mcdonalds", "celtic", "reefknot", "center_crossing", 
"indep"))), .Names = c("minsymvec", "overunderobj", "symobj"), class = "knot")
