`k8_4a` <-
structure(list(minsymvec = structure(c(-28.3627263461696, -202.571488268291, 
-257.284498427, -163.135218050413, 43.0474020531842, -179.829651967286, 
-308.473999320265, -183.416181188928, -5.10606678882567, -195.126722719177, 
-230.174301082222, -176.206607663732, -155.073720298163, -11.4709825318079, 
-902.565141951479, -880.382516713049, -816.226146113923, -657.186326242561, 
-116.377217377493, -102.530518666048, -260.257374458741, -387.106579184125, 
-859.269420040547, -623.427699557446, -522.377381247814, -378.041789063456, 
-90.3535337364477, -96.4467476552128, -210.749894653242, -235.372533403049, 
-78.7454493181448, -44.7765007482326, -234.96488361692, -269.517455325825, 
-93.6336189751907, -92.0462936617945, -206.970021391108, -218.983314849903, 
-151.010450572648, -115.013126803895, -911.838026303201, -871.129725525066, 
-745.777710417048, -590.335061834475, -116.381607096509, -143.251865159005, 
-325.124372480212, -445.307025752738, -754.968177908536, -593.506767560708, 
-458.832113590429, -255.417790089418, -23.6325729313508, 44.1034616480313
), .Names = c("handle_A6", "handle_A7", "handle_A8", "handle_A9", 
"handle_A14", "handle_A15", "handle_A16", "handle_A17", "handle_A22", 
"handle_A23", "handle_A24", "handle_A25", "handle_A26", "handle_A27", 
"handle_A33", "handle_A34", "handle_A35", "handle_A36", "handle_A41", 
"handle_A42", "handle_A43", "handle_A44", "handle_A49", "handle_A50", 
"handle_A51", "handle_A52", "handle_A53", "node6", "node7", "node8", 
"node9", "node14", "node15", "node16", "node17", "node22", "node23", 
"node24", "node25", "node26", "node33", "node34", "node35", "node36", 
"node41", "node42", "node43", "node44", "node49", "node50", "node51", 
"node52", "node53", "node54"), class = "minsymvec"), overunderobj = structure(c(13, 
3, 19, 6, 23, 17, 26, 10, 2, 11, 5, 22, 9, 25, 15, 18), .Dim = c(8L, 
2L)), symobj = structure(list(Mver = structure(c(15, 16, 26, 
25, 24, 14, 17, 23, 9, 8, 22, 7, 6, 12, 11, 1, 2, 3, 13, 10, 
4, 18, 19, 5, 20, 21), .Dim = c(13L, 2L)), xver = 27, Mhor = NULL, 
    xhor = NULL, Mrot = NULL, exact_h = NULL, exact_v = NULL, 
    mcdonalds = FALSE, celtic = FALSE, reefknot = FALSE, indep = structure(c(FALSE, 
    FALSE, FALSE, FALSE, FALSE, TRUE, TRUE, TRUE, TRUE, FALSE, 
    FALSE, FALSE, FALSE, TRUE, TRUE, TRUE, TRUE, FALSE, FALSE, 
    FALSE, FALSE, TRUE, TRUE, TRUE, TRUE, TRUE, TRUE, FALSE, 
    FALSE, FALSE, FALSE, FALSE, TRUE, TRUE, TRUE, TRUE, FALSE, 
    FALSE, FALSE, FALSE, TRUE, TRUE, TRUE, TRUE, FALSE, FALSE, 
    FALSE, FALSE, TRUE, TRUE, TRUE, TRUE, TRUE, FALSE, FALSE, 
    FALSE, FALSE, FALSE, FALSE, TRUE, TRUE, TRUE, TRUE, FALSE, 
    FALSE, FALSE, FALSE, TRUE, TRUE, TRUE, TRUE, FALSE, FALSE, 
    FALSE, FALSE, TRUE, TRUE, TRUE, TRUE, TRUE, FALSE, FALSE, 
    FALSE, FALSE, FALSE, FALSE, TRUE, TRUE, TRUE, TRUE, FALSE, 
    FALSE, FALSE, FALSE, TRUE, TRUE, TRUE, TRUE, FALSE, FALSE, 
    FALSE, FALSE, TRUE, TRUE, TRUE, TRUE, TRUE, TRUE), .Names = c("handle_A1", 
    "handle_A2", "handle_A3", "handle_A4", "handle_A5", "handle_A6", 
    "handle_A7", "handle_A8", "handle_A9", "handle_A10", "handle_A11", 
    "handle_A12", "handle_A13", "handle_A14", "handle_A15", "handle_A16", 
    "handle_A17", "handle_A18", "handle_A19", "handle_A20", "handle_A21", 
    "handle_A22", "handle_A23", "handle_A24", "handle_A25", "handle_A26", 
    "handle_A27", "handle_A28", "handle_A29", "handle_A30", "handle_A31", 
    "handle_A32", "handle_A33", "handle_A34", "handle_A35", "handle_A36", 
    "handle_A37", "handle_A38", "handle_A39", "handle_A40", "handle_A41", 
    "handle_A42", "handle_A43", "handle_A44", "handle_A45", "handle_A46", 
    "handle_A47", "handle_A48", "handle_A49", "handle_A50", "handle_A51", 
    "handle_A52", "handle_A53", "handle_A54", "node1", "node2", 
    "node3", "node4", "node5", "node6", "node7", "node8", "node9", 
    "node10", "node11", "node12", "node13", "node14", "node15", 
    "node16", "node17", "node18", "node19", "node20", "node21", 
    "node22", "node23", "node24", "node25", "node26", "node27", 
    "node28", "node29", "node30", "node31", "node32", "node33", 
    "node34", "node35", "node36", "node37", "node38", "node39", 
    "node40", "node41", "node42", "node43", "node44", "node45", 
    "node46", "node47", "node48", "node49", "node50", "node51", 
    "node52", "node53", "node54"))), .Names = c("Mver", "xver", 
"Mhor", "xhor", "Mrot", "exact_h", "exact_v", "mcdonalds", "celtic", 
"reefknot", "indep"))), .Names = c("minsymvec", "overunderobj", 
"symobj"), class = "knot")
