`k8_5` <-
structure(list(minsymvec = structure(c(5.3519272057159, -203.21766503025, 
-330.823490858616, -212.936588063169, 199.994795502759, -244.354182600529, 
-379.940949643526, -267.702463685074, 0.373229503895984, -193.954406630985, 
-228.037190755303, -54.6978170887038, -299.801016846474, -306.41146973285, 
-439.522270368915, -678.294290627587, -107.391204673951, -262.102900623026, 
-409.186556476756, -350.247251841804, -290.082796653829, -66.1101635883287, 
-70.6669348471504, -240.1409594146, -314.481154797782, -107.203792646186, 
-302.001179490082, -349.593864316126, -129.492234540125, -75.1562497718395, 
-206.43538208773, -178.965588351125, -279.007348421186, -343.81224236449, 
-523.597374076322, -659.709048149755, -121.979648758088, -147.639451938037, 
-328.922361276183, -497.499847028408, -354.181635268146, -208.135080743438, 
-0.418492046924082, 85.9976942022316), .Names = c("handle_A4", 
"handle_A5", "handle_A6", "handle_A7", "handle_A11", "handle_A12", 
"handle_A13", "handle_A14", "handle_A19", "handle_A20", "handle_A21", 
"handle_A22", "handle_A26", "handle_A27", "handle_A28", "handle_A29", 
"handle_A34", "handle_A35", "handle_A36", "handle_A41", "handle_A42", 
"handle_A43", "node4", "node5", "node6", "node7", "node12", "node13", 
"node14", "node19", "node20", "node21", "node26", "node27", "node28", 
"node29", "node33", "node34", "node35", "node36", "node41", "node42", 
"node43", "node44"), class = "minsymvec"), overunderobj = structure(c(11, 
3, 19, 5, 14, 8, 17, 21, 2, 18, 4, 20, 6, 15, 9, 12), .Dim = c(8L, 
2L)), symobj = structure(list(Mver = structure(c(21, 12, 13, 
20, 4, 19, 5, 14, 6, 7, 1, 10, 9, 2, 18, 3, 17, 8, 16, 15), .Dim = c(10L, 
2L)), xver = c(11, 22), Mhor = NULL, xhor = NULL, Mrot = NULL, 
    exact_h = NULL, exact_v = NULL, mcdonalds = FALSE, celtic = FALSE, 
    reefknot = FALSE, center_crossing = FALSE, indep = structure(c(FALSE, 
    FALSE, FALSE, TRUE, TRUE, TRUE, TRUE, FALSE, FALSE, FALSE, 
    TRUE, TRUE, TRUE, TRUE, FALSE, FALSE, FALSE, FALSE, TRUE, 
    TRUE, TRUE, TRUE, FALSE, FALSE, FALSE, TRUE, TRUE, TRUE, 
    TRUE, FALSE, FALSE, FALSE, FALSE, TRUE, TRUE, TRUE, FALSE, 
    FALSE, FALSE, FALSE, TRUE, TRUE, TRUE, FALSE, FALSE, FALSE, 
    FALSE, TRUE, TRUE, TRUE, TRUE, FALSE, FALSE, FALSE, FALSE, 
    TRUE, TRUE, TRUE, FALSE, FALSE, FALSE, FALSE, TRUE, TRUE, 
    TRUE, FALSE, FALSE, FALSE, FALSE, TRUE, TRUE, TRUE, TRUE, 
    FALSE, FALSE, FALSE, TRUE, TRUE, TRUE, TRUE, FALSE, FALSE, 
    FALSE, FALSE, TRUE, TRUE, TRUE, TRUE), .Names = c("handle_A1", 
    "handle_A2", "handle_A3", "handle_A4", "handle_A5", "handle_A6", 
    "handle_A7", "handle_A8", "handle_A9", "handle_A10", "handle_A11", 
    "handle_A12", "handle_A13", "handle_A14", "handle_A15", "handle_A16", 
    "handle_A17", "handle_A18", "handle_A19", "handle_A20", "handle_A21", 
    "handle_A22", "handle_A23", "handle_A24", "handle_A25", "handle_A26", 
    "handle_A27", "handle_A28", "handle_A29", "handle_A30", "handle_A31", 
    "handle_A32", "handle_A33", "handle_A34", "handle_A35", "handle_A36", 
    "handle_A37", "handle_A38", "handle_A39", "handle_A40", "handle_A41", 
    "handle_A42", "handle_A43", "handle_A44", "node1", "node2", 
    "node3", "node4", "node5", "node6", "node7", "node8", "node9", 
    "node10", "node11", "node12", "node13", "node14", "node15", 
    "node16", "node17", "node18", "node19", "node20", "node21", 
    "node22", "node23", "node24", "node25", "node26", "node27", 
    "node28", "node29", "node30", "node31", "node32", "node33", 
    "node34", "node35", "node36", "node37", "node38", "node39", 
    "node40", "node41", "node42", "node43", "node44"))), .Names = c("Mver", 
"xver", "Mhor", "xhor", "Mrot", "exact_h", "exact_v", "mcdonalds", 
"celtic", "reefknot", "center_crossing", "indep"))), .Names = c("minsymvec", 
"overunderobj", "symobj"), class = "knot")
