`k8_5` <- 
structure(list(minsymvec = structure(c(-2.66193595456852, -202.617038051577, 
-330.013489299722, -196.967565822408, 230.230291189253, -285.768847575853, 
-365.0503299552, -287.116026414601, -13.8024834226782, -193.684563658194, 
-241.235802866112, -19.458652404295, -299.036647330984, -309.674453607457, 
-462.210137356115, -681.796769732177, -139.443490188412, -268.891636831927, 
-428.660609277313, -338.760908748102, -284.115893673092, -52.3255365495496, 
-76.7824105679026, -241.37490117412, -305.131990434489, -109.244907540313, 
-316.485072503401, -346.598619012936, -144.38702624147, -83.8445806854301, 
-212.71866005802, -174.284432425092, -283.665082160513, -351.935420154758, 
-546.910027060679, -673.222464544322, -96.2371653670844, -176.578069199864, 
-330.411963179558, -525.240976319191, -338.593342334116, -212.303109908929, 
21.6742549706719, 97.4573040178551), .Names = c("handle_A4", 
"handle_A5", "handle_A6", "handle_A7", "handle_A11", "handle_A12", 
"handle_A13", "handle_A14", "handle_A19", "handle_A20", "handle_A21", 
"handle_A22", "handle_A26", "handle_A27", "handle_A28", "handle_A29", 
"handle_A34", "handle_A35", "handle_A36", "handle_A41", "handle_A42", 
"handle_A43", "node4", "node5", "node6", "node7", "node12", "node13", 
"node14", "node19", "node20", "node21", "node26", "node27", "node28", 
"node29", "node33", "node34", "node35", "node36", "node41", "node42", 
"node43", "node44"), class = "minsymvec"), overunderobj = structure(c(11, 
3, 19, 5, 14, 8, 17, 21, 2, 18, 4, 20, 6, 15, 9, 12), .Dim = c(8L, 
2L)), symobj = structure(list(Mver = structure(c(21, 12, 13, 
20, 4, 19, 5, 14, 6, 7, 1, 10, 9, 2, 18, 3, 17, 8, 16, 15), .Dim = c(10L, 
2L)), xver = c(11, 22), Mhor = NULL, xhor = NULL, Mrot = NULL, 
    exact_h = NULL, exact_v = NULL, mcdonalds = FALSE, celtic = FALSE, 
    reefknot = FALSE, center_crossing = FALSE, indep = structure(c(FALSE, 
    FALSE, FALSE, TRUE, TRUE, TRUE, TRUE, FALSE, FALSE, FALSE, 
    TRUE, TRUE, TRUE, TRUE, FALSE, FALSE, FALSE, FALSE, TRUE, 
    TRUE, TRUE, TRUE, FALSE, FALSE, FALSE, TRUE, TRUE, TRUE, 
    TRUE, FALSE, FALSE, FALSE, FALSE, TRUE, TRUE, TRUE, FALSE, 
    FALSE, FALSE, FALSE, TRUE, TRUE, TRUE, FALSE, FALSE, FALSE, 
    FALSE, TRUE, TRUE, TRUE, TRUE, FALSE, FALSE, FALSE, FALSE, 
    TRUE, TRUE, TRUE, FALSE, FALSE, FALSE, FALSE, TRUE, TRUE, 
    TRUE, FALSE, FALSE, FALSE, FALSE, TRUE, TRUE, TRUE, TRUE, 
    FALSE, FALSE, FALSE, TRUE, TRUE, TRUE, TRUE, FALSE, FALSE, 
    FALSE, FALSE, TRUE, TRUE, TRUE, TRUE), .Names = c("handle_A1", 
    "handle_A2", "handle_A3", "handle_A4", "handle_A5", "handle_A6", 
    "handle_A7", "handle_A8", "handle_A9", "handle_A10", "handle_A11", 
    "handle_A12", "handle_A13", "handle_A14", "handle_A15", "handle_A16", 
    "handle_A17", "handle_A18", "handle_A19", "handle_A20", "handle_A21", 
    "handle_A22", "handle_A23", "handle_A24", "handle_A25", "handle_A26", 
    "handle_A27", "handle_A28", "handle_A29", "handle_A30", "handle_A31", 
    "handle_A32", "handle_A33", "handle_A34", "handle_A35", "handle_A36", 
    "handle_A37", "handle_A38", "handle_A39", "handle_A40", "handle_A41", 
    "handle_A42", "handle_A43", "handle_A44", "node1", "node2", 
    "node3", "node4", "node5", "node6", "node7", "node8", "node9", 
    "node10", "node11", "node12", "node13", "node14", "node15", 
    "node16", "node17", "node18", "node19", "node20", "node21", 
    "node22", "node23", "node24", "node25", "node26", "node27", 
    "node28", "node29", "node30", "node31", "node32", "node33", 
    "node34", "node35", "node36", "node37", "node38", "node39", 
    "node40", "node41", "node42", "node43", "node44"))), .Names = c("Mver", 
"xver", "Mhor", "xhor", "Mrot", "exact_h", "exact_v", "mcdonalds", 
"celtic", "reefknot", "center_crossing", "indep"))), .Names = c("minsymvec", 
"overunderobj", "symobj"), class = "knot")
