`k8_5_90deg_crossing` <-	
structure(list(minsymvec = structure(c(handle_A4 = 8.55350194445525, 
handle_A5 = -203.677424499009, handle_A6 = -330.047303678612, 
handle_A7 = -192.009249736536, handle_A11 = 214.045992640684, 
handle_A12 = -257.523372699389, handle_A13 = -383.454397185324, 
handle_A14 = -265.446457889866, handle_A19 = 3.66483197021113, 
handle_A20 = -196.062367025261, handle_A21 = -243.748035879544, 
handle_A22 = -20.5371361914356, handle_A26 = -303.607648617008, 
handle_A27 = -307.95723412449, handle_A28 = -447.630245898672, 
handle_A29 = -679.376415141459, handle_A34 = -118.388250856863, 
handle_A35 = -276.888420694136, handle_A36 = -410.531747202805, 
handle_A41 = -353.128561794511, handle_A42 = -289.064472228237, 
handle_A43 = -69.7785540305293, node4 = -67.8759945436542, node5 = -240.35935579804, 
node6 = -307.532569701377, node7 = -92.4951616277241, node12 = -312.488782477426, 
node13 = -349.65506588683, node14 = -126.747080975664, node19 = -74.729537909928, 
node20 = -210.929136023004, node21 = -178.335801067225, node26 = -280.411167596736, 
node27 = -347.510760808512, node28 = -532.583606344819, node29 = -652.706641613201, 
node33 = -130.942580731446, node34 = -160.332121007618, node35 = -340.341698612731, 
node36 = -496.137942217782, node41 = -358.425933116126, node42 = -214.476767358673, 
node43 = 5.69995830516886, node44 = 83.4194212058413), class = "minsymvec"), 
    overunderobj = structure(c(11, 3, 19, 5, 14, 8, 17, 21, 2, 
    18, 4, 20, 6, 15, 9, 12), .Dim = c(8L, 2L)), symobj = list(
        Mver = structure(c(21, 12, 13, 20, 4, 19, 5, 14, 6, 7, 
        1, 10, 9, 2, 18, 3, 17, 8, 16, 15), .Dim = c(10L, 2L)), 
        xver = c(11, 22), Mhor = NULL, xhor = NULL, Mrot = NULL, 
        exact_h = NULL, exact_v = NULL, mcdonalds = FALSE, celtic = FALSE, 
        reefknot = FALSE, center_crossing = FALSE, indep = c(handle_A1 = FALSE, 
        handle_A2 = FALSE, handle_A3 = FALSE, handle_A4 = TRUE, 
        handle_A5 = TRUE, handle_A6 = TRUE, handle_A7 = TRUE, 
        handle_A8 = FALSE, handle_A9 = FALSE, handle_A10 = FALSE, 
        handle_A11 = TRUE, handle_A12 = TRUE, handle_A13 = TRUE, 
        handle_A14 = TRUE, handle_A15 = FALSE, handle_A16 = FALSE, 
        handle_A17 = FALSE, handle_A18 = FALSE, handle_A19 = TRUE, 
        handle_A20 = TRUE, handle_A21 = TRUE, handle_A22 = TRUE, 
        handle_A23 = FALSE, handle_A24 = FALSE, handle_A25 = FALSE, 
        handle_A26 = TRUE, handle_A27 = TRUE, handle_A28 = TRUE, 
        handle_A29 = TRUE, handle_A30 = FALSE, handle_A31 = FALSE, 
        handle_A32 = FALSE, handle_A33 = FALSE, handle_A34 = TRUE, 
        handle_A35 = TRUE, handle_A36 = TRUE, handle_A37 = FALSE, 
        handle_A38 = FALSE, handle_A39 = FALSE, handle_A40 = FALSE, 
        handle_A41 = TRUE, handle_A42 = TRUE, handle_A43 = TRUE, 
        handle_A44 = FALSE, node1 = FALSE, node2 = FALSE, node3 = FALSE, 
        node4 = TRUE, node5 = TRUE, node6 = TRUE, node7 = TRUE, 
        node8 = FALSE, node9 = FALSE, node10 = FALSE, node11 = FALSE, 
        node12 = TRUE, node13 = TRUE, node14 = TRUE, node15 = FALSE, 
        node16 = FALSE, node17 = FALSE, node18 = FALSE, node19 = TRUE, 
        node20 = TRUE, node21 = TRUE, node22 = FALSE, node23 = FALSE, 
        node24 = FALSE, node25 = FALSE, node26 = TRUE, node27 = TRUE, 
        node28 = TRUE, node29 = TRUE, node30 = FALSE, node31 = FALSE, 
        node32 = FALSE, node33 = TRUE, node34 = TRUE, node35 = TRUE, 
        node36 = TRUE, node37 = FALSE, node38 = FALSE, node39 = FALSE, 
        node40 = FALSE, node41 = TRUE, node42 = TRUE, node43 = TRUE, 
        node44 = TRUE))), class = "knot")
