`k8_6` <-	
structure(list(minsymvec = structure(c(-53.2634355513696, -12.9604676350196, 
-175.858765681039, -208.506334631512, -144.482326114757, 88.5837546752073, 
-172.909037373852, -264.188948702929, -141.545868073385, -52.1217345379316, 
-9.78154149690609, -147.479741388929, -224.764231823065, -608.765012952481, 
-710.736006586241, -878.385942767874, -944.40493408956, -95.8248318169591, 
-431.366472639863, -705.885115151418, -564.056226097351, -194.072645491621, 
-7.41793940656787, -42.664930967108, -67.3093503740171, -205.544724455152, 
-193.891780960094, -87.6961225994276, -219.394180084609, -227.913298285161, 
-74.6548122371855, -40.3681091945915, -55.0426709452315, -101.732818519423, 
-315.322720464523, -647.849931125215, -770.994247912699, -896.492928263053, 
-936.561556173278, -49.4138730558915, -200.52223730387, -546.02353808757, 
-798.176401386198, -481.37359351365, -141.693769901983, 73.8505164199517
), .Names = c("handle_A2", "handle_A4", "handle_A5", "handle_A6", 
"handle_A7", "handle_A11", "handle_A12", "handle_A13", "handle_A14", 
"handle_A19", "handle_A21", "handle_A22", "handle_A25", "handle_A27", 
"handle_A28", "handle_A29", "handle_A30", "handle_A35", "handle_A36", 
"handle_A37", "handle_A42", "handle_A44", "handle_A45", "node2", 
"node4", "node5", "node6", "node7", "node12", "node13", "node14", 
"node19", "node21", "node22", "node25", "node27", "node28", "node29", 
"node30", "node34", "node35", "node36", "node37", "node42", "node44", 
"node45"), class = "minsymvec"), overunderobj = structure(c(11, 
18, 8, 14, 22, 4, 20, 2, 1, 9, 15, 5, 12, 19, 3, 21), .Dim = c(8L, 
2L)), symobj = structure(list(Mver = structure(c(22, 21, 12, 
13, 2, 19, 4, 5, 14, 6, 7, 23, 1, 10, 9, 20, 3, 18, 17, 8, 16, 
15), .Dim = c(11L, 2L)), xver = 11, Mhor = NULL, xhor = NULL, 
    Mrot = NULL, exact_h = NULL, exact_v = NULL, mcdonalds = FALSE, 
    celtic = FALSE, reefknot = FALSE, center_crossing = FALSE, 
    indep = structure(c(FALSE, TRUE, FALSE, TRUE, TRUE, TRUE, 
    TRUE, FALSE, FALSE, FALSE, TRUE, TRUE, TRUE, TRUE, FALSE, 
    FALSE, FALSE, FALSE, TRUE, FALSE, TRUE, TRUE, FALSE, FALSE, 
    TRUE, FALSE, TRUE, TRUE, TRUE, TRUE, FALSE, FALSE, FALSE, 
    FALSE, TRUE, TRUE, TRUE, FALSE, FALSE, FALSE, FALSE, TRUE, 
    FALSE, TRUE, TRUE, FALSE, FALSE, TRUE, FALSE, TRUE, TRUE, 
    TRUE, TRUE, FALSE, FALSE, FALSE, FALSE, TRUE, TRUE, TRUE, 
    FALSE, FALSE, FALSE, FALSE, TRUE, FALSE, TRUE, TRUE, FALSE, 
    FALSE, TRUE, FALSE, TRUE, TRUE, TRUE, TRUE, FALSE, FALSE, 
    FALSE, TRUE, TRUE, TRUE, TRUE, FALSE, FALSE, FALSE, FALSE, 
    TRUE, FALSE, TRUE, TRUE, FALSE), .Names = c("handle_A1", 
    "handle_A2", "handle_A3", "handle_A4", "handle_A5", "handle_A6", 
    "handle_A7", "handle_A8", "handle_A9", "handle_A10", "handle_A11", 
    "handle_A12", "handle_A13", "handle_A14", "handle_A15", "handle_A16", 
    "handle_A17", "handle_A18", "handle_A19", "handle_A20", "handle_A21", 
    "handle_A22", "handle_A23", "handle_A24", "handle_A25", "handle_A26", 
    "handle_A27", "handle_A28", "handle_A29", "handle_A30", "handle_A31", 
    "handle_A32", "handle_A33", "handle_A34", "handle_A35", "handle_A36", 
    "handle_A37", "handle_A38", "handle_A39", "handle_A40", "handle_A41", 
    "handle_A42", "handle_A43", "handle_A44", "handle_A45", "handle_A46", 
    "node1", "node2", "node3", "node4", "node5", "node6", "node7", 
    "node8", "node9", "node10", "node11", "node12", "node13", 
    "node14", "node15", "node16", "node17", "node18", "node19", 
    "node20", "node21", "node22", "node23", "node24", "node25", 
    "node26", "node27", "node28", "node29", "node30", "node31", 
    "node32", "node33", "node34", "node35", "node36", "node37", 
    "node38", "node39", "node40", "node41", "node42", "node43", 
    "node44", "node45", "node46"))), .Names = c("Mver", "xver", 
"Mhor", "xhor", "Mrot", "exact_h", "exact_v", "mcdonalds", "celtic", 
"reefknot", "center_crossing", "indep"))), .Names = c("minsymvec", 
"overunderobj", "symobj"), class = "knot")
