`k8_6_90deg_crossing` <-	
structure(list(minsymvec = structure(c(handle_A2 = -56.6558007999061, 
handle_A4 = -11.4557436954827, handle_A5 = -177.65715511653, 
handle_A6 = -208.582733946272, handle_A7 = -164.264925664523, 
handle_A11 = 82.0872784801968, handle_A12 = -167.284336481269, 
handle_A13 = -262.580332557838, handle_A14 = -140.862072482814, 
handle_A19 = -54.9280710530498, handle_A21 = -10.0346752827077, 
handle_A22 = -146.530381804451, handle_A25 = -224.614472066379, 
handle_A27 = -610.240686117777, handle_A28 = -713.109967099443, 
handle_A29 = -878.015050796463, handle_A30 = -943.030744281284, 
handle_A35 = -91.7106637017524, handle_A36 = -433.826461667107, 
handle_A37 = -707.543733605578, handle_A42 = -564.649296426555, 
handle_A44 = -194.208838509445, handle_A45 = -9.33481944428964, 
node2 = -45.3126481775916, node4 = -67.185767654534, node5 = -207.004473755054, 
node6 = -202.071970414225, node7 = -97.4196649168616, node12 = -216.364795220235, 
node13 = -226.427453030096, node14 = -74.6128922380969, node19 = -42.1697556909737, 
node21 = -55.4129234248282, node22 = -100.994511376756, node25 = -317.247017800993, 
node27 = -649.90803894846, node28 = -772.551867844241, node29 = -888.042419219504, 
node30 = -938.381209763876, node34 = -52.6932152851536, node35 = -197.784319134479, 
node36 = -549.497848814513, node37 = -797.452459712185, node42 = -481.53925531705, 
node44 = -142.649216471972, node45 = 70.925021987226), class = "minsymvec"), 
    overunderobj = structure(c(11, 18, 8, 14, 22, 4, 20, 2, 1, 
    9, 15, 5, 12, 19, 3, 21), .Dim = c(8L, 2L)), symobj = list(
        Mver = structure(c(22, 21, 12, 13, 2, 19, 4, 5, 14, 6, 
        7, 23, 1, 10, 9, 20, 3, 18, 17, 8, 16, 15), .Dim = c(11L, 
        2L)), xver = 11, Mhor = NULL, xhor = NULL, Mrot = NULL, 
        exact_h = NULL, exact_v = NULL, mcdonalds = FALSE, celtic = FALSE, 
        reefknot = FALSE, center_crossing = FALSE, indep = c(handle_A1 = FALSE, 
        handle_A2 = TRUE, handle_A3 = FALSE, handle_A4 = TRUE, 
        handle_A5 = TRUE, handle_A6 = TRUE, handle_A7 = TRUE, 
        handle_A8 = FALSE, handle_A9 = FALSE, handle_A10 = FALSE, 
        handle_A11 = TRUE, handle_A12 = TRUE, handle_A13 = TRUE, 
        handle_A14 = TRUE, handle_A15 = FALSE, handle_A16 = FALSE, 
        handle_A17 = FALSE, handle_A18 = FALSE, handle_A19 = TRUE, 
        handle_A20 = FALSE, handle_A21 = TRUE, handle_A22 = TRUE, 
        handle_A23 = FALSE, handle_A24 = FALSE, handle_A25 = TRUE, 
        handle_A26 = FALSE, handle_A27 = TRUE, handle_A28 = TRUE, 
        handle_A29 = TRUE, handle_A30 = TRUE, handle_A31 = FALSE, 
        handle_A32 = FALSE, handle_A33 = FALSE, handle_A34 = FALSE, 
        handle_A35 = TRUE, handle_A36 = TRUE, handle_A37 = TRUE, 
        handle_A38 = FALSE, handle_A39 = FALSE, handle_A40 = FALSE, 
        handle_A41 = FALSE, handle_A42 = TRUE, handle_A43 = FALSE, 
        handle_A44 = TRUE, handle_A45 = TRUE, handle_A46 = FALSE, 
        node1 = FALSE, node2 = TRUE, node3 = FALSE, node4 = TRUE, 
        node5 = TRUE, node6 = TRUE, node7 = TRUE, node8 = FALSE, 
        node9 = FALSE, node10 = FALSE, node11 = FALSE, node12 = TRUE, 
        node13 = TRUE, node14 = TRUE, node15 = FALSE, node16 = FALSE, 
        node17 = FALSE, node18 = FALSE, node19 = TRUE, node20 = FALSE, 
        node21 = TRUE, node22 = TRUE, node23 = FALSE, node24 = FALSE, 
        node25 = TRUE, node26 = FALSE, node27 = TRUE, node28 = TRUE, 
        node29 = TRUE, node30 = TRUE, node31 = FALSE, node32 = FALSE, 
        node33 = FALSE, node34 = TRUE, node35 = TRUE, node36 = TRUE, 
        node37 = TRUE, node38 = FALSE, node39 = FALSE, node40 = FALSE, 
        node41 = FALSE, node42 = TRUE, node43 = FALSE, node44 = TRUE, 
        node45 = TRUE, node46 = FALSE))), class = "knot")
