`k8_7` <-	
structure(list(minsymvec = structure(c(-122.854148327678, -144.452071932155, 
-99.3502806204686, 30.7362251442197, 270.332620719056, 212.787531314958, 
147.123382559979, 10.5374807401145, -68.7745525376538, -125.504605395966, 
-242.433164268932, -304.040490521735, -103.01788963391, 11.7569339477763, 
99.6622872392373, 265.207810554846, 293.415839130533, 123.956803939925, 
-160.69333987277, -312.821503266656, -210.117727708293, 95.6505992043135, 
234.016665492292, 99.8916848948342, 11.9162448089411, -234.147734036065, 
-284.781457564024, -278.273914576219, -331.309754192575, -583.133684135486, 
-859.037935876429, -972.648558387206, -817.787374903463, -553.92039410926, 
-306.630450253406, -152.197814438499, -291.871272523871, -468.226356172328, 
-593.308380563789, -795.230861461854, -829.89205364991, -852.433363054578, 
-710.799148902649, -561.934036449474, -423.245161853178, -254.777326034361, 
3.33565916910534, -163.264452293855, -136.609957728795, -44.631515950476, 
101.314543350589, 276.300311693926, 168.345267772491, 106.792209042959, 
-109.053831254316, -161.800848001566, -271.122849962546, -253.337683381094, 
-37.6481442964304, 39.6700226177012, 162.299280148898, 291.270611244058, 
226.633275516149, -1.22255082957344, -225.822434691828, -287.428549077918, 
-82.6571742502189, 138.384271766589, 207.418679298315, 36.0437732609621, 
-76.2797221355631, -243.174558452296, -292.603208679762, -283.973228047504, 
-450.606128530304, -705.269238993292, -915.862036391957, -973.409435890654, 
-913.604765278045, -702.185387654021, -473.085316491891, -237.152572285022, 
-201.961925802573, -359.940632309784, -528.391725465212, -656.960954235027, 
-827.848459738447, -826.812482098865, -818.349417955584, -648.849355436894, 
-509.514117917029, -378.50240072299, -150.915706954627, 16.4650497969358
), .Names = c("handle_A1", "handle_A2", "handle_A3", "handle_A4", 
"handle_A5", "handle_A6", "handle_A7", "handle_A8", "handle_A9", 
"handle_A10", "handle_A11", "handle_A12", "handle_A13", "handle_A14", 
"handle_A15", "handle_A16", "handle_A17", "handle_A18", "handle_A19", 
"handle_A20", "handle_A21", "handle_A22", "handle_A23", "handle_A24", 
"handle_A25", "handle_A26", "handle_A27", "handle_A28", "handle_A29", 
"handle_A30", "handle_A31", "handle_A33", "handle_A34", "handle_A35", 
"handle_A36", "handle_A37", "handle_A38", "handle_A39", "handle_A40", 
"handle_A41", "handle_A42", "handle_A43", "handle_A44", "handle_A45", 
"handle_A46", "handle_A47", "handle_A48", "node1", "node2", "node3", 
"node4", "node5", "node6", "node7", "node9", "node10", "node11", 
"node12", "node13", "node14", "node15", "node16", "node17", "node18", 
"node19", "node20", "node21", "node22", "node23", "node24", "node25", 
"node26", "node27", "node28", "node29", "node30", "node31", "node32", 
"node33", "node34", "node35", "node36", "node37", "node38", "node39", 
"node40", "node41", "node42", "node43", "node44", "node45", "node46", 
"node47", "node48"), class = "minsymvec"), overunderobj = structure(c(23, 
15, 21, 10, 18, 6, 4, 13, 5, 22, 11, 19, 7, 16, 14, 2), .Dim = c(8L, 
2L)), symobj = structure(list(Mver = NULL, xver = 8, Mhor = NULL, 
    xhor = NULL, Mrot = NULL, exact_h = NULL, exact_v = NULL, 
    mcdonalds = FALSE, celtic = FALSE, reefknot = FALSE, center_crossing = FALSE, 
    indep = structure(c(TRUE, TRUE, TRUE, TRUE, TRUE, TRUE, TRUE, 
    TRUE, TRUE, TRUE, TRUE, TRUE, TRUE, TRUE, TRUE, TRUE, TRUE, 
    TRUE, TRUE, TRUE, TRUE, TRUE, TRUE, TRUE, TRUE, TRUE, TRUE, 
    TRUE, TRUE, TRUE, TRUE, FALSE, TRUE, TRUE, TRUE, TRUE, TRUE, 
    TRUE, TRUE, TRUE, TRUE, TRUE, TRUE, TRUE, TRUE, TRUE, TRUE, 
    TRUE, TRUE, TRUE, TRUE, TRUE, TRUE, TRUE, TRUE, FALSE, TRUE, 
    TRUE, TRUE, TRUE, TRUE, TRUE, TRUE, TRUE, TRUE, TRUE, TRUE, 
    TRUE, TRUE, TRUE, TRUE, TRUE, TRUE, TRUE, TRUE, TRUE, TRUE, 
    TRUE, TRUE, TRUE, TRUE, TRUE, TRUE, TRUE, TRUE, TRUE, TRUE, 
    TRUE, TRUE, TRUE, TRUE, TRUE, TRUE, TRUE, TRUE, TRUE), .Names = c("handle_A1", 
    "handle_A2", "handle_A3", "handle_A4", "handle_A5", "handle_A6", 
    "handle_A7", "handle_A8", "handle_A9", "handle_A10", "handle_A11", 
    "handle_A12", "handle_A13", "handle_A14", "handle_A15", "handle_A16", 
    "handle_A17", "handle_A18", "handle_A19", "handle_A20", "handle_A21", 
    "handle_A22", "handle_A23", "handle_A24", "handle_A25", "handle_A26", 
    "handle_A27", "handle_A28", "handle_A29", "handle_A30", "handle_A31", 
    "handle_A32", "handle_A33", "handle_A34", "handle_A35", "handle_A36", 
    "handle_A37", "handle_A38", "handle_A39", "handle_A40", "handle_A41", 
    "handle_A42", "handle_A43", "handle_A44", "handle_A45", "handle_A46", 
    "handle_A47", "handle_A48", "node1", "node2", "node3", "node4", 
    "node5", "node6", "node7", "node8", "node9", "node10", "node11", 
    "node12", "node13", "node14", "node15", "node16", "node17", 
    "node18", "node19", "node20", "node21", "node22", "node23", 
    "node24", "node25", "node26", "node27", "node28", "node29", 
    "node30", "node31", "node32", "node33", "node34", "node35", 
    "node36", "node37", "node38", "node39", "node40", "node41", 
    "node42", "node43", "node44", "node45", "node46", "node47", 
    "node48"))), .Names = c("Mver", "xver", "Mhor", "xhor", "Mrot", 
"exact_h", "exact_v", "mcdonalds", "celtic", "reefknot", "center_crossing", 
"indep"))), .Names = c("minsymvec", "overunderobj", "symobj"), class = "knot")
