`k8_8` <-
structure(list(minsymvec = structure(c(-14.1720185226117, 113.257598889166, 
283.321855557767, 385.602179552098, 76.3397879212098, 295.22547264887, 
257.806872622041, 110.420698515595, -172.400153854655, -297.924669892928, 
-150.386895665463, -57.9224392683513, 165.2357779191, 112.072949957545, 
-114.354535378436, -354.893145955887, -447.292940365207, -167.549382600421, 
-93.7344002829717, -147.80333804993, -199.374844278629, -335.260775677717, 
-571.587037677474, -875.979508188375, -923.570106311756, -578.192644478922, 
-306.348038214081, -323.446551952871, -382.142993615244, -601.922742202548, 
-894.954372274855, -917.098085566687, -622.74767054622, -588.679042426457, 
-585.69625464856, -829.868120876423, -833.544718611588, -560.061691929873, 
-354.254169444155, 53.2280689218582, 175.577709667522, 332.3777163003, 
295.252431060355, 93.3370914295664, 317.456023769753, 195.647783115191, 
-4.71193880537566, -238.9491424212, -260.077670775366, -125.822185742682, 
191.966076758754, 35.5381842352522, -195.04217987973, -411.534187786116, 
-355.204038805163, -128.030188176643, -108.551723746201, -118.952009572978, 
-239.178400411026, -449.502256239359, -662.622281376474, -934.477246072714, 
-778.454346347718, -468.935347892015, -301.107282196054, -360.973453601906, 
-452.039845081728, -722.035394198966, -911.062440793897, -950.048214555464, 
-797.612468809357, -603.531263154841, -591.178587498143, -654.142443877346, 
-863.617172267736, -742.215483588794, -479.331111713022, -292.38516259447
), .Names = c("handle_A1", "handle_A2", "handle_A3", "handle_A4", 
"handle_A5", "handle_A6", "handle_A7", "handle_A8", "handle_A9", 
"handle_A10", "handle_A11", "handle_A12", "handle_A13", "handle_A14", 
"handle_A15", "handle_A16", "handle_A17", "handle_A18", "handle_A19", 
"handle_A20", "handle_A21", "handle_A22", "handle_A23", "handle_A24", 
"handle_A25", "handle_A26", "handle_A27", "handle_A28", "handle_A29", 
"handle_A30", "handle_A31", "handle_A33", "handle_A34", "handle_A35", 
"handle_A36", "handle_A37", "handle_A38", "handle_A39", "handle_A40", 
"node1", "node2", "node3", "node4", "node5", "node6", "node7", 
"node8", "node9", "node10", "node11", "node13", "node14", "node15", 
"node16", "node17", "node18", "node19", "node20", "node21", "node22", 
"node23", "node24", "node25", "node26", "node27", "node28", "node29", 
"node30", "node31", "node32", "node33", "node34", "node35", "node36", 
"node37", "node38", "node39", "node40"), class = "minsymvec"), 
    overunderobj = structure(c(8, 3, 13, 6, 20, 10, 18, 15, 2, 
    6, 5, 14, 9, 16, 11, 19), .Dim = c(8L, 2L)), symobj = structure(list(
        Mver = NULL, xver = 12, Mhor = NULL, xhor = NULL, Mrot = NULL, 
        exact_h = NULL, exact_v = NULL, mcdonalds = FALSE, celtic = FALSE, 
        reefknot = FALSE, center_crossing = FALSE, indep = structure(c(TRUE, 
        TRUE, TRUE, TRUE, TRUE, TRUE, TRUE, TRUE, TRUE, TRUE, 
        TRUE, TRUE, TRUE, TRUE, TRUE, TRUE, TRUE, TRUE, TRUE, 
        TRUE, TRUE, TRUE, TRUE, TRUE, TRUE, TRUE, TRUE, TRUE, 
        TRUE, TRUE, TRUE, FALSE, TRUE, TRUE, TRUE, TRUE, TRUE, 
        TRUE, TRUE, TRUE, TRUE, TRUE, TRUE, TRUE, TRUE, TRUE, 
        TRUE, TRUE, TRUE, TRUE, TRUE, FALSE, TRUE, TRUE, TRUE, 
        TRUE, TRUE, TRUE, TRUE, TRUE, TRUE, TRUE, TRUE, TRUE, 
        TRUE, TRUE, TRUE, TRUE, TRUE, TRUE, TRUE, TRUE, TRUE, 
        TRUE, TRUE, TRUE, TRUE, TRUE, TRUE, TRUE), .Names = c("handle_A1", 
        "handle_A2", "handle_A3", "handle_A4", "handle_A5", "handle_A6", 
        "handle_A7", "handle_A8", "handle_A9", "handle_A10", 
        "handle_A11", "handle_A12", "handle_A13", "handle_A14", 
        "handle_A15", "handle_A16", "handle_A17", "handle_A18", 
        "handle_A19", "handle_A20", "handle_A21", "handle_A22", 
        "handle_A23", "handle_A24", "handle_A25", "handle_A26", 
        "handle_A27", "handle_A28", "handle_A29", "handle_A30", 
        "handle_A31", "handle_A32", "handle_A33", "handle_A34", 
        "handle_A35", "handle_A36", "handle_A37", "handle_A38", 
        "handle_A39", "handle_A40", "node1", "node2", "node3", 
        "node4", "node5", "node6", "node7", "node8", "node9", 
        "node10", "node11", "node12", "node13", "node14", "node15", 
        "node16", "node17", "node18", "node19", "node20", "node21", 
        "node22", "node23", "node24", "node25", "node26", "node27", 
        "node28", "node29", "node30", "node31", "node32", "node33", 
        "node34", "node35", "node36", "node37", "node38", "node39", 
        "node40"))), .Names = c("Mver", "xver", "Mhor", "xhor", 
    "Mrot", "exact_h", "exact_v", "mcdonalds", "celtic", "reefknot", 
    "center_crossing", "indep"))), .Names = c("minsymvec", "overunderobj", 
"symobj"), class = "knot")
