`k8_9` <-
structure(list(minsymvec = structure(c(-117.707910689576, 9.90432052576379, 
229.460553071193, 383.676829599014, 323.676088743489, 191.118868929188, 
10.4266913768772, -73.6087035680283, -131.881593982219, -274.238013622625, 
-259.795088163292, -84.3674375092325, -1.90726738620844, 172.737161992647, 
366.23091698239, 360.881922391008, 182.615264717537, -1.61209560821102, 
-169.444165275121, -281.884016641777, -228.766517610906, -228.623667705605, 
-312.558256275969, -486.744967066175, -388.593561034922, 200.648009591223, 
69.5300315219158, -234.79373296532, -162.701023888658, -12.9013871642846, 
225.133422751343, 335.585753124341, 70.6760813787933, -103.200972480417, 
-356.352051009978, -383.113935984756, -358.593494632182, -179.736175009994, 
-5.60987572259686, 193.176759459292, 197.56964257113, 88.9095099098476, 
86.2683398561487, 0.765822655396354, -119.067982635798, -256.140676041675, 
-380.07514459296, -38.00872327063, 120.906224201678, -53.7484094259352, 
79.6710839356279, 283.136915516446, 374.804131107018, 252.852664140737, 
132.358638774141, -122.327737125532, -174.294580346671, -297.85622262982, 
-199.925128702497, -69.4822128874037, 66.3266878331808, 248.30909902192, 
382.272974002483, 292.426600063772, 99.9890565002305, -72.7874127983121, 
-212.241341888685, -270.083440856232, -217.098898404273, -233.810908295055, 
-430.486876602913, -462.343239620965, -302.925170861302, 160.179952834751, 
-72.7547627485334, -223.70438554582, -92.9255121399329, 87.241871325593, 
280.243064488743, 335.564861816618, 269.214303092497, -28.2359976280382, 
-194.759614434243, -377.485679483145, -378.793939307704, -301.137168277587, 
-97.8487375056232, 60.3310191142162, 211.895742507001, 156.731971929364, 
79.6873786403095, 65.8720669299762, -54.3664771247154, -169.748898140053, 
-263.884077982771, -289.433338235983, 8.65890636798324, 162.086919439787
), .Names = c("handle_A1", "handle_A2", "handle_A3", "handle_A4", 
"handle_A5", "handle_A6", "handle_A7", "handle_A8", "handle_A9", 
"handle_A10", "handle_A11", "handle_A12", "handle_A13", "handle_A14", 
"handle_A15", "handle_A16", "handle_A17", "handle_A18", "handle_A19", 
"handle_A20", "handle_A21", "handle_A22", "handle_A23", "handle_A24", 
"handle_A25", "handle_A26", "handle_A27", "handle_A28", "handle_A29", 
"handle_A30", "handle_A31", "handle_A33", "handle_A34", "handle_A35", 
"handle_A36", "handle_A37", "handle_A38", "handle_A39", "handle_A40", 
"handle_A41", "handle_A42", "handle_A43", "handle_A44", "handle_A45", 
"handle_A46", "handle_A47", "handle_A48", "handle_A49", "handle_A50", 
"node1", "node2", "node3", "node4", "node5", "node6", "node8", 
"node9", "node10", "node11", "node12", "node13", "node14", "node15", 
"node16", "node17", "node18", "node19", "node20", "node21", "node22", 
"node23", "node24", "node25", "node26", "node27", "node28", "node29", 
"node30", "node31", "node32", "node33", "node34", "node35", "node36", 
"node37", "node38", "node39", "node40", "node41", "node42", "node43", 
"node44", "node45", "node46", "node47", "node48", "node49", "node50"
), class = "minsymvec"), overunderobj = structure(c(17, 5, 14, 
2, 9, 23, 10, 19, 6, 15, 3, 18, 1, 11, 21, 9), .Dim = c(8L, 2L
)), symobj = structure(list(Mver = NULL, xver = 7, Mhor = NULL, 
    xhor = NULL, Mrot = NULL, exact_h = NULL, exact_v = NULL, 
    mcdonalds = FALSE, celtic = FALSE, reefknot = FALSE, center_crossing = FALSE, 
    indep = structure(c(TRUE, TRUE, TRUE, TRUE, TRUE, TRUE, TRUE, 
    TRUE, TRUE, TRUE, TRUE, TRUE, TRUE, TRUE, TRUE, TRUE, TRUE, 
    TRUE, TRUE, TRUE, TRUE, TRUE, TRUE, TRUE, TRUE, TRUE, TRUE, 
    TRUE, TRUE, TRUE, TRUE, FALSE, TRUE, TRUE, TRUE, TRUE, TRUE, 
    TRUE, TRUE, TRUE, TRUE, TRUE, TRUE, TRUE, TRUE, TRUE, TRUE, 
    TRUE, TRUE, TRUE, TRUE, TRUE, TRUE, TRUE, TRUE, TRUE, FALSE, 
    TRUE, TRUE, TRUE, TRUE, TRUE, TRUE, TRUE, TRUE, TRUE, TRUE, 
    TRUE, TRUE, TRUE, TRUE, TRUE, TRUE, TRUE, TRUE, TRUE, TRUE, 
    TRUE, TRUE, TRUE, TRUE, TRUE, TRUE, TRUE, TRUE, TRUE, TRUE, 
    TRUE, TRUE, TRUE, TRUE, TRUE, TRUE, TRUE, TRUE, TRUE, TRUE, 
    TRUE, TRUE, TRUE), .Names = c("handle_A1", "handle_A2", "handle_A3", 
    "handle_A4", "handle_A5", "handle_A6", "handle_A7", "handle_A8", 
    "handle_A9", "handle_A10", "handle_A11", "handle_A12", "handle_A13", 
    "handle_A14", "handle_A15", "handle_A16", "handle_A17", "handle_A18", 
    "handle_A19", "handle_A20", "handle_A21", "handle_A22", "handle_A23", 
    "handle_A24", "handle_A25", "handle_A26", "handle_A27", "handle_A28", 
    "handle_A29", "handle_A30", "handle_A31", "handle_A32", "handle_A33", 
    "handle_A34", "handle_A35", "handle_A36", "handle_A37", "handle_A38", 
    "handle_A39", "handle_A40", "handle_A41", "handle_A42", "handle_A43", 
    "handle_A44", "handle_A45", "handle_A46", "handle_A47", "handle_A48", 
    "handle_A49", "handle_A50", "node1", "node2", "node3", "node4", 
    "node5", "node6", "node7", "node8", "node9", "node10", "node11", 
    "node12", "node13", "node14", "node15", "node16", "node17", 
    "node18", "node19", "node20", "node21", "node22", "node23", 
    "node24", "node25", "node26", "node27", "node28", "node29", 
    "node30", "node31", "node32", "node33", "node34", "node35", 
    "node36", "node37", "node38", "node39", "node40", "node41", 
    "node42", "node43", "node44", "node45", "node46", "node47", 
    "node48", "node49", "node50"))), .Names = c("Mver", "xver", 
"Mhor", "xhor", "Mrot", "exact_h", "exact_v", "mcdonalds", "celtic", 
"reefknot", "center_crossing", "indep"))), .Names = c("minsymvec", 
"overunderobj", "symobj"), class = "knot")
