`k8_9` <- 
structure(list(minsymvec = structure(c(-121.154627145153, 17.9373065937246, 
229.837936255387, 378.234188291889, 337.113167346279, 194.949287729914, 
11.1998287473842, -67.944173358501, -147.038768820505, -277.061769873169, 
-262.531426486539, -82.9977963014155, 1.42039960116932, 184.02437650442, 
376.135483608787, 355.561761596149, 182.831948937382, -4.21217160908162, 
-187.525650394648, -257.116959086315, -232.765615796497, -238.618382411033, 
-311.023449132473, -495.254115179018, -396.585690013339, 202.926840885628, 
78.4105425725514, -238.879235158403, -163.634198081628, -0.0212869471771303, 
235.768425573776, 330.589595213867, 72.2063659675437, -112.7344286242, 
-358.476881577842, -384.821328943864, -358.82024493153, -189.926333443937, 
0.0515539197067719, 183.340611587034, 200.301246207314, 116.676257588592, 
75.6855847575611, -6.8406032994804, -121.2667655415, -257.908050555894, 
-384.955606804911, -38.0300847408635, 126.146328382469, -64.7863424589264, 
82.6045661173076, 284.253403255875, 376.678844575175, 268.351975865823, 
133.052599318484, -114.514097879578, -184.805120525195, -300.612274623584, 
-201.615557649672, -66.5803119527725, 69.0782187473438, 258.61908286986, 
383.941945381229, 295.367925148269, 95.1972520703837, -84.2544628749135, 
-214.756483580284, -255.006885111376, -226.570975398555, -242.07402965714, 
-437.599233404316, -470.947477004403, -303.002143784544, 170.026692929839, 
-69.836194546263, -226.105502825182, -100.483471917406, 97.6020364095598, 
283.083185865808, 330.84202361832, 271.602225397954, -20.4647005694536, 
-203.868284364995, -379.806946728251, -380.01420517694, -305.737716629593, 
-110.184475916134, 63.2412029274152, 203.614471786975, 166.369169107991, 
97.8027884193816, 51.2854901164226, -50.0560096761547, -173.587019196588, 
-263.970901829359, -300.378105284055, 8.94370295379323, 169.840619721655
), .Names = c("handle_A1", "handle_A2", "handle_A3", "handle_A4", 
"handle_A5", "handle_A6", "handle_A7", "handle_A8", "handle_A9", 
"handle_A10", "handle_A11", "handle_A12", "handle_A13", "handle_A14", 
"handle_A15", "handle_A16", "handle_A17", "handle_A18", "handle_A19", 
"handle_A20", "handle_A21", "handle_A22", "handle_A23", "handle_A24", 
"handle_A25", "handle_A26", "handle_A27", "handle_A28", "handle_A29", 
"handle_A30", "handle_A31", "handle_A33", "handle_A34", "handle_A35", 
"handle_A36", "handle_A37", "handle_A38", "handle_A39", "handle_A40", 
"handle_A41", "handle_A42", "handle_A43", "handle_A44", "handle_A45", 
"handle_A46", "handle_A47", "handle_A48", "handle_A49", "handle_A50", 
"node1", "node2", "node3", "node4", "node5", "node6", "node8", 
"node9", "node10", "node11", "node12", "node13", "node14", "node15", 
"node16", "node17", "node18", "node19", "node20", "node21", "node22", 
"node23", "node24", "node25", "node26", "node27", "node28", "node29", 
"node30", "node31", "node32", "node33", "node34", "node35", "node36", 
"node37", "node38", "node39", "node40", "node41", "node42", "node43", 
"node44", "node45", "node46", "node47", "node48", "node49", "node50"
), class = "minsymvec"), overunderobj = structure(c(17, 5, 14, 
2, 9, 23, 10, 19, 6, 15, 3, 18, 1, 11, 21, 9), .Dim = c(8L, 2L
)), symobj = structure(list(Mver = NULL, xver = 7, Mhor = NULL, 
    xhor = NULL, Mrot = NULL, exact_h = NULL, exact_v = NULL, 
    mcdonalds = FALSE, celtic = FALSE, reefknot = FALSE, center_crossing = FALSE, 
    indep = structure(c(TRUE, TRUE, TRUE, TRUE, TRUE, TRUE, TRUE, 
    TRUE, TRUE, TRUE, TRUE, TRUE, TRUE, TRUE, TRUE, TRUE, TRUE, 
    TRUE, TRUE, TRUE, TRUE, TRUE, TRUE, TRUE, TRUE, TRUE, TRUE, 
    TRUE, TRUE, TRUE, TRUE, FALSE, TRUE, TRUE, TRUE, TRUE, TRUE, 
    TRUE, TRUE, TRUE, TRUE, TRUE, TRUE, TRUE, TRUE, TRUE, TRUE, 
    TRUE, TRUE, TRUE, TRUE, TRUE, TRUE, TRUE, TRUE, TRUE, FALSE, 
    TRUE, TRUE, TRUE, TRUE, TRUE, TRUE, TRUE, TRUE, TRUE, TRUE, 
    TRUE, TRUE, TRUE, TRUE, TRUE, TRUE, TRUE, TRUE, TRUE, TRUE, 
    TRUE, TRUE, TRUE, TRUE, TRUE, TRUE, TRUE, TRUE, TRUE, TRUE, 
    TRUE, TRUE, TRUE, TRUE, TRUE, TRUE, TRUE, TRUE, TRUE, TRUE, 
    TRUE, TRUE, TRUE), .Names = c("handle_A1", "handle_A2", "handle_A3", 
    "handle_A4", "handle_A5", "handle_A6", "handle_A7", "handle_A8", 
    "handle_A9", "handle_A10", "handle_A11", "handle_A12", "handle_A13", 
    "handle_A14", "handle_A15", "handle_A16", "handle_A17", "handle_A18", 
    "handle_A19", "handle_A20", "handle_A21", "handle_A22", "handle_A23", 
    "handle_A24", "handle_A25", "handle_A26", "handle_A27", "handle_A28", 
    "handle_A29", "handle_A30", "handle_A31", "handle_A32", "handle_A33", 
    "handle_A34", "handle_A35", "handle_A36", "handle_A37", "handle_A38", 
    "handle_A39", "handle_A40", "handle_A41", "handle_A42", "handle_A43", 
    "handle_A44", "handle_A45", "handle_A46", "handle_A47", "handle_A48", 
    "handle_A49", "handle_A50", "node1", "node2", "node3", "node4", 
    "node5", "node6", "node7", "node8", "node9", "node10", "node11", 
    "node12", "node13", "node14", "node15", "node16", "node17", 
    "node18", "node19", "node20", "node21", "node22", "node23", 
    "node24", "node25", "node26", "node27", "node28", "node29", 
    "node30", "node31", "node32", "node33", "node34", "node35", 
    "node36", "node37", "node38", "node39", "node40", "node41", 
    "node42", "node43", "node44", "node45", "node46", "node47", 
    "node48", "node49", "node50"))), .Names = c("Mver", "xver", 
"Mhor", "xhor", "Mrot", "exact_h", "exact_v", "mcdonalds", "celtic", 
"reefknot", "center_crossing", "indep"))), .Names = c("minsymvec", 
"overunderobj", "symobj"), class = "knot")
