`k9_10` <-
structure(list(minsymvec = structure(c(-49.6744051343208, -7.05998853588185, 
-174.745510280292, -171.964956400601, -43.3745443304299, -219.754524404159, 
-112.099019579039, -23.3446881807155, -17.9278955944928, -183.18948919479, 
-220.027806206851, -132.434868428198, -177.78592617799, -510.098137804794, 
-610.007027476926, -812.409961587201, 187.069059820975, 60.7826229084359, 
-63.8378696011808, -322.045315727416, -750.316465267853, -535.158263910857, 
-264.085177447867, -51.7307878271071, -36.5037414338063, -60.869827221221, 
-197.165816772124, -98.021012555193, -124.54393248988, -189.881307148988, 
-61.2763607560325, -36.238037367845, -70.1708656731995, -204.375356141316, 
-194.901516919926, -71.7602517088177, -253.773209827675, -547.701587824042, 
-677.763878891993, -811.372179508365, 166.743109718477, 8.6918590622647, 
-99.4116923525588, -394.373140762152, -678.170300808019, -434.880436927848, 
-176.075509011484, 34.9569180627422), .Names = c("handle_A3", 
"handle_A5", "handle_A6", "handle_A7", "handle_A12", "handle_A13", 
"handle_A14", "handle_A16", "handle_A20", "handle_A21", "handle_A22", 
"handle_A23", "handle_A27", "handle_A29", "handle_A30", "handle_A31", 
"handle_A36", "handle_A37", "handle_A38", "handle_A40", "handle_A44", 
"handle_A45", "handle_A46", "handle_A47", "node3", "node5", "node6", 
"node7", "node12", "node13", "node14", "node16", "node20", "node21", 
"node22", "node23", "node27", "node29", "node30", "node31", "node36", 
"node37", "node38", "node40", "node44", "node45", "node46", "node47"
), class = "minsymvec"), overunderobj = structure(c(12, 2, 9, 
20, 6, 17, 4, 15, 23, 24, 11, 18, 8, 21, 5, 16, 3, 14), .Dim = c(9L, 
2L)), symobj = structure(list(Mver = structure(c(12, 13, 23, 
22, 14, 3, 16, 21, 5, 6, 20, 7, 24, 1, 11, 10, 2, 15, 4, 9, 17, 
18, 8, 19), .Dim = c(12L, 2L)), xver = NULL, Mhor = NULL, xhor = NULL, 
    Mrot = NULL, exact_h = NULL, exact_v = NULL, mcdonalds = TRUE, 
    celtic = FALSE, reefknot = FALSE, center_crossing = FALSE, 
    indep = structure(c(FALSE, FALSE, TRUE, FALSE, TRUE, TRUE, 
    TRUE, FALSE, FALSE, FALSE, FALSE, TRUE, TRUE, TRUE, FALSE, 
    TRUE, FALSE, FALSE, FALSE, TRUE, TRUE, TRUE, TRUE, FALSE, 
    FALSE, FALSE, TRUE, FALSE, TRUE, TRUE, TRUE, FALSE, FALSE, 
    FALSE, FALSE, TRUE, TRUE, TRUE, FALSE, TRUE, FALSE, FALSE, 
    FALSE, TRUE, TRUE, TRUE, TRUE, FALSE, FALSE, FALSE, TRUE, 
    FALSE, TRUE, TRUE, TRUE, FALSE, FALSE, FALSE, FALSE, TRUE, 
    TRUE, TRUE, FALSE, TRUE, FALSE, FALSE, FALSE, TRUE, TRUE, 
    TRUE, TRUE, FALSE, FALSE, FALSE, TRUE, FALSE, TRUE, TRUE, 
    TRUE, FALSE, FALSE, FALSE, FALSE, TRUE, TRUE, TRUE, FALSE, 
    TRUE, FALSE, FALSE, FALSE, TRUE, TRUE, TRUE, TRUE, FALSE), .Names = c("handle_A1", 
    "handle_A2", "handle_A3", "handle_A4", "handle_A5", "handle_A6", 
    "handle_A7", "handle_A8", "handle_A9", "handle_A10", "handle_A11", 
    "handle_A12", "handle_A13", "handle_A14", "handle_A15", "handle_A16", 
    "handle_A17", "handle_A18", "handle_A19", "handle_A20", "handle_A21", 
    "handle_A22", "handle_A23", "handle_A24", "handle_A25", "handle_A26", 
    "handle_A27", "handle_A28", "handle_A29", "handle_A30", "handle_A31", 
    "handle_A32", "handle_A33", "handle_A34", "handle_A35", "handle_A36", 
    "handle_A37", "handle_A38", "handle_A39", "handle_A40", "handle_A41", 
    "handle_A42", "handle_A43", "handle_A44", "handle_A45", "handle_A46", 
    "handle_A47", "handle_A48", "node1", "node2", "node3", "node4", 
    "node5", "node6", "node7", "node8", "node9", "node10", "node11", 
    "node12", "node13", "node14", "node15", "node16", "node17", 
    "node18", "node19", "node20", "node21", "node22", "node23", 
    "node24", "node25", "node26", "node27", "node28", "node29", 
    "node30", "node31", "node32", "node33", "node34", "node35", 
    "node36", "node37", "node38", "node39", "node40", "node41", 
    "node42", "node43", "node44", "node45", "node46", "node47", 
    "node48"))), .Names = c("Mver", "xver", "Mhor", "xhor", "Mrot", 
"exact_h", "exact_v", "mcdonalds", "celtic", "reefknot", "center_crossing", 
"indep"))), .Names = c("minsymvec", "overunderobj", "symobj"), class = "knot")
