`k9_11` <- 
structure(list(minsymvec = structure(c(25.2247322782287, 214.357344551847, 
234.21068351904, 171.552603936808, 115.835488319197, -46.5080569144132, 
-148.566054984636, -264.345753504114, -297.931432446089, -276.77598149087, 
-56.8612014206449, 228.904721889982, 229.09467745284, 107.428869802769, 
-160.123902625743, -306.078978542611, -225.903467565111, 72.2841780564249, 
235.080430103141, 178.693773738142, -6.77940192250537, -97.2847615335866, 
-344.333184976509, -201.997917045131, 277.755030984037, 78.8169244366971, 
-8.16375255981234, -140.962778446921, -425.94872295284, -516.793731478502, 
-402.367838219276, -179.881349557299, -22.6012704915319, 90.848505235482, 
108.436849829196, -135.86786251783, -347.64023691357, -432.853660826556, 
-324.591788780321, -169.650205617374, -4.15715070033976, 146.770216622804, 
335.593597442422, 246.08549372822, 65.2294382330082, 96.7625842798467, 
330.763718046699, 111.353128847832, 221.710049053966, 219.780670242444, 
139.330893872211, 67.6144674659805, -93.3352855364919, -192.793342320885, 
-283.637716674369, -295.101822290082, -198.81288487485, -6.87669191170368, 
249.199543127991, 188.696905581878, -219.840319373946, -291.285887074155, 
-84.5326911200541, 131.614887115529, 234.564556180441, 106.167500674295, 
-35.7978819673193, -177.793082892133, -324.952415869829, -118.192225316295, 
199.048288716603, 52.6086737263931, -60.4987135181592, -256.435877305544, 
-472.268791868175, -483.077521395741, -304.155474486962, -121.281882614704, 
-5.81840322262602, 121.268715516839, 69.8462999876167, -214.971380031732, 
-374.494479852765, -405.130495009657, -408.314706507066, -267.640440977701, 
-97.6468461576678, 50.089962077876, 213.390640375176, 325.886074857893, 
193.65970956799, 46.7950742269613, 193.746274650964, 323.911657081105
), .Names = c("handle_A1", "handle_A2", "handle_A3", "handle_A4", 
"handle_A5", "handle_A6", "handle_A7", "handle_A8", "handle_A9", 
"handle_A10", "handle_A11", "handle_A12", "handle_A13", "handle_A14", 
"handle_A15", "handle_A16", "handle_A17", "handle_A18", "handle_A19", 
"handle_A20", "handle_A21", "handle_A22", "handle_A23", "handle_A24", 
"handle_A25", "handle_A26", "handle_A27", "handle_A28", "handle_A29", 
"handle_A30", "handle_A31", "handle_A32", "handle_A33", "handle_A34", 
"handle_A35", "handle_A36", "handle_A37", "handle_A39", "handle_A40", 
"handle_A41", "handle_A42", "handle_A43", "handle_A44", "handle_A45", 
"handle_A46", "handle_A47", "handle_A48", "node1", "node2", "node3", 
"node4", "node5", "node6", "node7", "node8", "node9", "node10", 
"node11", "node12", "node13", "node15", "node16", "node17", "node18", 
"node19", "node20", "node21", "node22", "node23", "node24", "node25", 
"node26", "node27", "node28", "node29", "node30", "node31", "node32", 
"node33", "node34", "node35", "node36", "node37", "node38", "node39", 
"node40", "node41", "node42", "node43", "node44", "node45", "node46", 
"node47", "node48"), class = "minsymvec"), overunderobj = structure(c(1, 
19, 4, 14, 7, 17, 10, 22, 12, 21, 2, 12, 5, 15, 8, 23, 11, 18
), .Dim = c(9L, 2L)), symobj = structure(list(Mver = NULL, xver = 14, 
    Mhor = NULL, xhor = NULL, Mrot = NULL, exact_h = NULL, exact_v = NULL, 
    mcdonalds = FALSE, celtic = FALSE, reefknot = FALSE, center_crossing = FALSE, 
    indep = structure(c(TRUE, TRUE, TRUE, TRUE, TRUE, TRUE, TRUE, 
    TRUE, TRUE, TRUE, TRUE, TRUE, TRUE, TRUE, TRUE, TRUE, TRUE, 
    TRUE, TRUE, TRUE, TRUE, TRUE, TRUE, TRUE, TRUE, TRUE, TRUE, 
    TRUE, TRUE, TRUE, TRUE, TRUE, TRUE, TRUE, TRUE, TRUE, TRUE, 
    FALSE, TRUE, TRUE, TRUE, TRUE, TRUE, TRUE, TRUE, TRUE, TRUE, 
    TRUE, TRUE, TRUE, TRUE, TRUE, TRUE, TRUE, TRUE, TRUE, TRUE, 
    TRUE, TRUE, TRUE, TRUE, FALSE, TRUE, TRUE, TRUE, TRUE, TRUE, 
    TRUE, TRUE, TRUE, TRUE, TRUE, TRUE, TRUE, TRUE, TRUE, TRUE, 
    TRUE, TRUE, TRUE, TRUE, TRUE, TRUE, TRUE, TRUE, TRUE, TRUE, 
    TRUE, TRUE, TRUE, TRUE, TRUE, TRUE, TRUE, TRUE, TRUE), .Names = c("handle_A1", 
    "handle_A2", "handle_A3", "handle_A4", "handle_A5", "handle_A6", 
    "handle_A7", "handle_A8", "handle_A9", "handle_A10", "handle_A11", 
    "handle_A12", "handle_A13", "handle_A14", "handle_A15", "handle_A16", 
    "handle_A17", "handle_A18", "handle_A19", "handle_A20", "handle_A21", 
    "handle_A22", "handle_A23", "handle_A24", "handle_A25", "handle_A26", 
    "handle_A27", "handle_A28", "handle_A29", "handle_A30", "handle_A31", 
    "handle_A32", "handle_A33", "handle_A34", "handle_A35", "handle_A36", 
    "handle_A37", "handle_A38", "handle_A39", "handle_A40", "handle_A41", 
    "handle_A42", "handle_A43", "handle_A44", "handle_A45", "handle_A46", 
    "handle_A47", "handle_A48", "node1", "node2", "node3", "node4", 
    "node5", "node6", "node7", "node8", "node9", "node10", "node11", 
    "node12", "node13", "node14", "node15", "node16", "node17", 
    "node18", "node19", "node20", "node21", "node22", "node23", 
    "node24", "node25", "node26", "node27", "node28", "node29", 
    "node30", "node31", "node32", "node33", "node34", "node35", 
    "node36", "node37", "node38", "node39", "node40", "node41", 
    "node42", "node43", "node44", "node45", "node46", "node47", 
    "node48"))), .Names = c("Mver", "xver", "Mhor", "xhor", "Mrot", 
"exact_h", "exact_v", "mcdonalds", "celtic", "reefknot", "center_crossing", 
"indep"))), .Names = c("minsymvec", "overunderobj", "symobj"), class = "knot")
