`k9_11` <-
structure(list(minsymvec = structure(c(23.500052215542, 215.411105858614, 
232.929574938468, 175.507164995838, 109.164457106778, -43.1821725510512, 
-142.288027348275, -266.069947865494, -296.541975710744, -284.75269674519, 
-56.4385813375368, 235.593260976641, 219.33456364832, 115.541195583601, 
-162.308493957762, -300.621029428062, -246.484573033312, 83.7894414919807, 
232.192379670405, 176.722960804545, 3.02791860755163, -97.7061138543563, 
-342.445041537452, -242.51956565825, 279.064062240199, 66.7499904605195, 
-6.83090239987964, -136.965745201052, -429.074482482426, -511.09864611785, 
-404.928794393234, -172.28847731731, -30.6827731177315, 84.9322088253922, 
111.017439518421, -134.18872818275, -356.505173384104, -429.792947436694, 
-319.036935685674, -177.153980567916, 7.6646608720972, 142.993459071343, 
328.335894597342, 265.781255043178, 72.086746741456, 81.2681768731046, 
337.757688604466, 111.54522185814, 220.83879158798, 219.764084005834, 
140.671950240429, 63.9300163131323, -89.9284133648869, -189.911430201798, 
-282.75403900773, -295.28046896441, -204.320245531264, -7.88771683222911, 
253.005057582452, 183.890457804477, -221.369259631977, -290.749425378031, 
-96.3240214133666, 133.362594003274, 232.008445943103, 110.174050669313, 
-34.4860268110822, -175.662620315499, -339.130288311652, -141.454165007583, 
197.687149148852, 46.8293066182545, -59.4760494607307, -260.216082919074, 
-469.850438715337, -478.167093399938, -304.135187294091, -119.621676809551, 
-17.7796330117175, 120.578065511938, 74.0804153208825, -220.339373582283, 
-377.412879335035, -403.908503991477, -402.710247521158, -270.509241952845, 
-102.214419529517, 53.5790076389824, 210.892278961376, 323.150060193788, 
203.164479974193, 48.180384993951, 177.135371174555, 333.965430206773
), .Names = c("handle_A1", "handle_A2", "handle_A3", "handle_A4", 
"handle_A5", "handle_A6", "handle_A7", "handle_A8", "handle_A9", 
"handle_A10", "handle_A11", "handle_A12", "handle_A13", "handle_A14", 
"handle_A15", "handle_A16", "handle_A17", "handle_A18", "handle_A19", 
"handle_A20", "handle_A21", "handle_A22", "handle_A23", "handle_A24", 
"handle_A25", "handle_A26", "handle_A27", "handle_A28", "handle_A29", 
"handle_A30", "handle_A31", "handle_A32", "handle_A33", "handle_A34", 
"handle_A35", "handle_A36", "handle_A37", "handle_A39", "handle_A40", 
"handle_A41", "handle_A42", "handle_A43", "handle_A44", "handle_A45", 
"handle_A46", "handle_A47", "handle_A48", "node1", "node2", "node3", 
"node4", "node5", "node6", "node7", "node8", "node9", "node10", 
"node11", "node12", "node13", "node15", "node16", "node17", "node18", 
"node19", "node20", "node21", "node22", "node23", "node24", "node25", 
"node26", "node27", "node28", "node29", "node30", "node31", "node32", 
"node33", "node34", "node35", "node36", "node37", "node38", "node39", 
"node40", "node41", "node42", "node43", "node44", "node45", "node46", 
"node47", "node48"), class = "minsymvec"), overunderobj = structure(c(1, 
19, 4, 14, 7, 17, 10, 22, 12, 21, 2, 12, 5, 15, 8, 23, 11, 18
), .Dim = c(9L, 2L)), symobj = structure(list(Mver = NULL, xver = 14, 
    Mhor = NULL, xhor = NULL, Mrot = NULL, exact_h = NULL, exact_v = NULL, 
    mcdonalds = FALSE, celtic = FALSE, reefknot = FALSE, center_crossing = FALSE, 
    indep = structure(c(TRUE, TRUE, TRUE, TRUE, TRUE, TRUE, TRUE, 
    TRUE, TRUE, TRUE, TRUE, TRUE, TRUE, TRUE, TRUE, TRUE, TRUE, 
    TRUE, TRUE, TRUE, TRUE, TRUE, TRUE, TRUE, TRUE, TRUE, TRUE, 
    TRUE, TRUE, TRUE, TRUE, TRUE, TRUE, TRUE, TRUE, TRUE, TRUE, 
    FALSE, TRUE, TRUE, TRUE, TRUE, TRUE, TRUE, TRUE, TRUE, TRUE, 
    TRUE, TRUE, TRUE, TRUE, TRUE, TRUE, TRUE, TRUE, TRUE, TRUE, 
    TRUE, TRUE, TRUE, TRUE, FALSE, TRUE, TRUE, TRUE, TRUE, TRUE, 
    TRUE, TRUE, TRUE, TRUE, TRUE, TRUE, TRUE, TRUE, TRUE, TRUE, 
    TRUE, TRUE, TRUE, TRUE, TRUE, TRUE, TRUE, TRUE, TRUE, TRUE, 
    TRUE, TRUE, TRUE, TRUE, TRUE, TRUE, TRUE, TRUE, TRUE), .Names = c("handle_A1", 
    "handle_A2", "handle_A3", "handle_A4", "handle_A5", "handle_A6", 
    "handle_A7", "handle_A8", "handle_A9", "handle_A10", "handle_A11", 
    "handle_A12", "handle_A13", "handle_A14", "handle_A15", "handle_A16", 
    "handle_A17", "handle_A18", "handle_A19", "handle_A20", "handle_A21", 
    "handle_A22", "handle_A23", "handle_A24", "handle_A25", "handle_A26", 
    "handle_A27", "handle_A28", "handle_A29", "handle_A30", "handle_A31", 
    "handle_A32", "handle_A33", "handle_A34", "handle_A35", "handle_A36", 
    "handle_A37", "handle_A38", "handle_A39", "handle_A40", "handle_A41", 
    "handle_A42", "handle_A43", "handle_A44", "handle_A45", "handle_A46", 
    "handle_A47", "handle_A48", "node1", "node2", "node3", "node4", 
    "node5", "node6", "node7", "node8", "node9", "node10", "node11", 
    "node12", "node13", "node14", "node15", "node16", "node17", 
    "node18", "node19", "node20", "node21", "node22", "node23", 
    "node24", "node25", "node26", "node27", "node28", "node29", 
    "node30", "node31", "node32", "node33", "node34", "node35", 
    "node36", "node37", "node38", "node39", "node40", "node41", 
    "node42", "node43", "node44", "node45", "node46", "node47", 
    "node48"))), .Names = c("Mver", "xver", "Mhor", "xhor", "Mrot", 
"exact_h", "exact_v", "mcdonalds", "celtic", "reefknot", "center_crossing", 
"indep"))), .Names = c("minsymvec", "overunderobj", "symobj"), class = "knot")
