`k9_11` <-
structure(list(minsymvec = structure(c(11.2083028833153, 216.810482847827, 
251.274943732526, 154.489781716342, 114.172421608615, -53.6821988023769, 
-133.686274972548, -255.712405813968, -297.496292727478, -276.617456849357, 
-60.0575284404554, 224.883247042182, 238.040826398631, 107.225500088981, 
-153.331771214637, -315.462503175905, -220.048559620639, 60.3918062107984, 
231.133215798931, 178.386051808578, -6.00237230257446, -90.4451843963578, 
-337.813658720792, -201.034774911171, 263.744613108172, 84.6941380086815, 
-12.3709886892211, -126.714057081496, -410.278573476561, -528.369059966873, 
-397.442532872353, -179.611530523876, -18.566852394307, 93.5508415204038, 
104.259856298039, -141.134384192743, -346.885539824777, -431.492681303639, 
-325.868430421158, -179.998482083624, -7.21510938861815, 141.905548291457, 
339.79633483312, 245.662023348718, 60.3298174177585, 100.97906743843, 
330.794988739685, 105.375608723876, 227.840041413002, 224.845280347221, 
118.294757332631, 69.1115673012458, -101.441219623602, -177.701515577686, 
-279.068478180024, -294.752713873266, -195.387086507084, -15.2712259849987, 
249.998766279042, 183.337222880233, -218.618678302201, -293.751552638577, 
-81.8184931455344, 122.732101549962, 234.331937319626, 103.320451504876, 
-37.7020600191338, -171.396862701432, -318.965252110264, -116.462723531455, 
188.154107765946, 58.922329924244, -71.3244941324266, -244.593583567918, 
-469.286692463205, -482.162918951809, -300.174354453197, -119.610934315979, 
-1.83422333045557, 123.958002551814, 65.5502671567232, -211.650345330216, 
-374.692674566525, -388.544196538686, -411.526082612206, -263.625603332221, 
-108.701533787125, 52.8720590039264, 211.603094560308, 326.73669925162, 
184.703101791625, 46.0460909665019, 195.617101789029, 318.668763527796
), .Names = c("handle_A1", "handle_A2", "handle_A3", "handle_A4", 
"handle_A5", "handle_A6", "handle_A7", "handle_A8", "handle_A9", 
"handle_A10", "handle_A11", "handle_A12", "handle_A13", "handle_A14", 
"handle_A15", "handle_A16", "handle_A17", "handle_A18", "handle_A19", 
"handle_A20", "handle_A21", "handle_A22", "handle_A23", "handle_A24", 
"handle_A25", "handle_A26", "handle_A27", "handle_A28", "handle_A29", 
"handle_A30", "handle_A31", "handle_A32", "handle_A33", "handle_A34", 
"handle_A35", "handle_A36", "handle_A37", "handle_A39", "handle_A40", 
"handle_A41", "handle_A42", "handle_A43", "handle_A44", "handle_A45", 
"handle_A46", "handle_A47", "handle_A48", "node1", "node2", "node3", 
"node4", "node5", "node6", "node7", "node8", "node9", "node10", 
"node11", "node12", "node13", "node15", "node16", "node17", "node18", 
"node19", "node20", "node21", "node22", "node23", "node24", "node25", 
"node26", "node27", "node28", "node29", "node30", "node31", "node32", 
"node33", "node34", "node35", "node36", "node37", "node38", "node39", 
"node40", "node41", "node42", "node43", "node44", "node45", "node46", 
"node47", "node48"), class = "minsymvec"), overunderobj = structure(c(1, 
19, 4, 14, 7, 17, 10, 22, 12, 21, 2, 12, 5, 15, 8, 23, 11, 18
), .Dim = c(9L, 2L)), symobj = structure(list(Mver = NULL, xver = 14, 
    Mhor = NULL, xhor = NULL, Mrot = NULL, exact_h = NULL, exact_v = NULL, 
    mcdonalds = FALSE, celtic = FALSE, reefknot = FALSE, center_crossing = FALSE, 
    indep = structure(c(TRUE, TRUE, TRUE, TRUE, TRUE, TRUE, TRUE, 
    TRUE, TRUE, TRUE, TRUE, TRUE, TRUE, TRUE, TRUE, TRUE, TRUE, 
    TRUE, TRUE, TRUE, TRUE, TRUE, TRUE, TRUE, TRUE, TRUE, TRUE, 
    TRUE, TRUE, TRUE, TRUE, TRUE, TRUE, TRUE, TRUE, TRUE, TRUE, 
    FALSE, TRUE, TRUE, TRUE, TRUE, TRUE, TRUE, TRUE, TRUE, TRUE, 
    TRUE, TRUE, TRUE, TRUE, TRUE, TRUE, TRUE, TRUE, TRUE, TRUE, 
    TRUE, TRUE, TRUE, TRUE, FALSE, TRUE, TRUE, TRUE, TRUE, TRUE, 
    TRUE, TRUE, TRUE, TRUE, TRUE, TRUE, TRUE, TRUE, TRUE, TRUE, 
    TRUE, TRUE, TRUE, TRUE, TRUE, TRUE, TRUE, TRUE, TRUE, TRUE, 
    TRUE, TRUE, TRUE, TRUE, TRUE, TRUE, TRUE, TRUE, TRUE), .Names = c("handle_A1", 
    "handle_A2", "handle_A3", "handle_A4", "handle_A5", "handle_A6", 
    "handle_A7", "handle_A8", "handle_A9", "handle_A10", "handle_A11", 
    "handle_A12", "handle_A13", "handle_A14", "handle_A15", "handle_A16", 
    "handle_A17", "handle_A18", "handle_A19", "handle_A20", "handle_A21", 
    "handle_A22", "handle_A23", "handle_A24", "handle_A25", "handle_A26", 
    "handle_A27", "handle_A28", "handle_A29", "handle_A30", "handle_A31", 
    "handle_A32", "handle_A33", "handle_A34", "handle_A35", "handle_A36", 
    "handle_A37", "handle_A38", "handle_A39", "handle_A40", "handle_A41", 
    "handle_A42", "handle_A43", "handle_A44", "handle_A45", "handle_A46", 
    "handle_A47", "handle_A48", "node1", "node2", "node3", "node4", 
    "node5", "node6", "node7", "node8", "node9", "node10", "node11", 
    "node12", "node13", "node14", "node15", "node16", "node17", 
    "node18", "node19", "node20", "node21", "node22", "node23", 
    "node24", "node25", "node26", "node27", "node28", "node29", 
    "node30", "node31", "node32", "node33", "node34", "node35", 
    "node36", "node37", "node38", "node39", "node40", "node41", 
    "node42", "node43", "node44", "node45", "node46", "node47", 
    "node48"))), .Names = c("Mver", "xver", "Mhor", "xhor", "Mrot", 
"exact_h", "exact_v", "mcdonalds", "celtic", "reefknot", "center_crossing", 
"indep"))), .Names = c("minsymvec", "overunderobj", "symobj"), class = "knot")
