`k9_12` <-
structure(list(minsymvec = structure(c(42.1504368775344, 142.059750460868, 
260.585711296994, -40.495830367007, -31.9348321359143, -56.8094580085331, 
31.4836269255843, 171.28018639907, 347.40482458314, 220.778374862707, 
5.56465434930616, -156.341170179289, -312.709532669481, -190.550949273328, 
-6.35606318324529, -36.9015583716132, -53.1115587589637, -278.947117205754, 
-293.881489095521, -216.988151361433, -102.765789024704, -7.52304257370925, 
-73.1478717547655, -141.523375416572, -377.585440811106, -882.513971694311, 
-557.715226936964, -358.751421306628, -239.764017788078, -101.71405809265, 
-187.769657865613, -359.569848644414, -244.906236923284, -110.011734314249, 
-203.874500460695, -338.944241994148, -391.734405706666, -546.224518459518, 
-959.785301483287, -702.856495442608, -568.825077667649, -321.485792793973, 
-112.533032266301, 79.3357191443202, 192.57708655109, 276.490969275409, 
-35.1933808236338, -65.5470737247106, -27.5822982797847, 78.2871761068658, 
238.376540619248, 324.229580631869, 138.13666243336, -53.3597926628195, 
-218.660909052527, -284.306451619731, -136.164829342334, 6.48234634287181, 
-36.2543045071733, -156.860741888334, -282.31310646737, -271.251382068123, 
-170.18157406528, -70.1293284991429, -92.6094634671244, -226.845971560646, 
-479.578147532703, -797.322896835765, -486.687716164979, -317.68883218163, 
-194.168935261266, -111.671796617954, -253.832501937129, -330.497769742278, 
-197.117026481975, -124.094326274919, -262.168814996377, -356.398068858517, 
-468.467477265382, -633.807085356227, -901.109954059139, -675.959819571927, 
-467.138178936821, -230.226315832525, -92.931151919703, -72.9828570914791
), .Names = c("handle_A1", "handle_A2", "handle_A3", "handle_A6", 
"handle_A8", "handle_A9", "handle_A10", "handle_A11", "handle_A12", 
"handle_A13", "handle_A14", "handle_A15", "handle_A16", "handle_A17", 
"handle_A18", "handle_A19", "handle_A21", "handle_A22", "handle_A23", 
"handle_A24", "handle_A25", "handle_A26", "handle_A27", "handle_A28", 
"handle_A29", "handle_A32", "handle_A34", "handle_A35", "handle_A36", 
"handle_A37", "handle_A38", "handle_A39", "handle_A40", "handle_A41", 
"handle_A42", "handle_A43", "handle_A44", "handle_A45", "handle_A47", 
"handle_A48", "handle_A49", "handle_A50", "handle_A51", "node1", 
"node2", "node3", "node6", "node8", "node9", "node10", "node11", 
"node12", "node13", "node14", "node15", "node16", "node17", "node18", 
"node19", "node21", "node22", "node23", "node24", "node25", "node27", 
"node28", "node29", "node32", "node34", "node35", "node36", "node37", 
"node38", "node39", "node40", "node41", "node42", "node43", "node44", 
"node45", "node47", "node48", "node49", "node50", "node51", "node52"
), class = "minsymvec"), overunderobj = structure(c(11, 3, 21, 
7, 19, 9, 14, 25, 17, 2, 13, 6, 20, 8, 18, 10, 15, 24), .Dim = c(9L, 
2L)), symobj = structure(list(Mver = structure(c(19, 6, 21, 22, 
7, 20, 5, 4), .Dim = c(4L, 2L)), xver = 26, Mhor = NULL, xhor = NULL, 
    Mrot = NULL, mcdonalds = FALSE, celtic = FALSE, indep = structure(c(TRUE, 
    TRUE, TRUE, FALSE, FALSE, TRUE, FALSE, TRUE, TRUE, TRUE, 
    TRUE, TRUE, TRUE, TRUE, TRUE, TRUE, TRUE, TRUE, TRUE, FALSE, 
    TRUE, TRUE, TRUE, TRUE, TRUE, TRUE, TRUE, TRUE, TRUE, FALSE, 
    FALSE, TRUE, FALSE, TRUE, TRUE, TRUE, TRUE, TRUE, TRUE, TRUE, 
    TRUE, TRUE, TRUE, TRUE, TRUE, FALSE, TRUE, TRUE, TRUE, TRUE, 
    TRUE, FALSE, TRUE, TRUE, TRUE, FALSE, FALSE, TRUE, FALSE, 
    TRUE, TRUE, TRUE, TRUE, TRUE, TRUE, TRUE, TRUE, TRUE, TRUE, 
    TRUE, TRUE, FALSE, TRUE, TRUE, TRUE, TRUE, TRUE, FALSE, TRUE, 
    TRUE, TRUE, FALSE, FALSE, TRUE, FALSE, TRUE, TRUE, TRUE, 
    TRUE, TRUE, TRUE, TRUE, TRUE, TRUE, TRUE, TRUE, TRUE, FALSE, 
    TRUE, TRUE, TRUE, TRUE, TRUE, TRUE), .Names = c("handle_A1", 
    "handle_A2", "handle_A3", "handle_A4", "handle_A5", "handle_A6", 
    "handle_A7", "handle_A8", "handle_A9", "handle_A10", "handle_A11", 
    "handle_A12", "handle_A13", "handle_A14", "handle_A15", "handle_A16", 
    "handle_A17", "handle_A18", "handle_A19", "handle_A20", "handle_A21", 
    "handle_A22", "handle_A23", "handle_A24", "handle_A25", "handle_A26", 
    "handle_A27", "handle_A28", "handle_A29", "handle_A30", "handle_A31", 
    "handle_A32", "handle_A33", "handle_A34", "handle_A35", "handle_A36", 
    "handle_A37", "handle_A38", "handle_A39", "handle_A40", "handle_A41", 
    "handle_A42", "handle_A43", "handle_A44", "handle_A45", "handle_A46", 
    "handle_A47", "handle_A48", "handle_A49", "handle_A50", "handle_A51", 
    "handle_A52", "node1", "node2", "node3", "node4", "node5", 
    "node6", "node7", "node8", "node9", "node10", "node11", "node12", 
    "node13", "node14", "node15", "node16", "node17", "node18", 
    "node19", "node20", "node21", "node22", "node23", "node24", 
    "node25", "node26", "node27", "node28", "node29", "node30", 
    "node31", "node32", "node33", "node34", "node35", "node36", 
    "node37", "node38", "node39", "node40", "node41", "node42", 
    "node43", "node44", "node45", "node46", "node47", "node48", 
    "node49", "node50", "node51", "node52"))), .Names = c("Mver", 
"xver", "Mhor", "xhor", "Mrot", "mcdonalds", "celtic", "indep"
))), .Names = c("minsymvec", "overunderobj", "symobj"), class = "knot")
