`k9_12` <- 
structure(list(minsymvec = structure(c(40.0063114428956, 154.126919622235, 
298.835403418935, -28.7704573763596, -28.0884289681483, -42.5885227452931, 
32.5506101037785, 188.460993549777, 375.285886387389, 251.065216196353, 
-0.396693577098315, -161.007596176693, -315.031479266629, -195.228549841141, 
-21.175492684693, -20.7178084244496, -43.1006476515702, -265.935526295749, 
-311.70109521417, -230.112224073677, -100.533709960381, -8.7831258540297, 
-70.6485862013903, -124.723004360246, -413.105311281681, -867.747206225779, 
-548.21991624308, -353.416194177486, -233.755826634138, -88.4700068145966, 
-182.714555926562, -355.851931450537, -226.774357863117, -106.941935632029, 
-201.512646674231, -342.878368712617, -411.080731359328, -564.913994630489, 
-924.677296511494, -780.956176593315, -602.063225524613, -314.699371218673, 
-103.91630185827, 75.3466885396328, 212.970978513635, 305.130413493729, 
-26.6125439932828, -52.7724284276308, -21.6227092364711, 81.5552095333508, 
261.33869545206, 353.0802994065, 161.413622150989, -54.6784240547559, 
-221.885086291232, -288.304597595175, -133.226551133785, -5.61224430085646, 
-18.8968243269336, -133.56410722625, -281.433210032246, -288.918214580064, 
-181.326109203493, -68.6300366471473, -84.2843617789874, -214.719809263431, 
-514.228810359127, -793.770320004539, -481.10656710276, -317.043886853341, 
-185.619285812773, -100.959789965812, -248.661863716788, -326.261939159383, 
-185.233892568434, -122.535358308343, -260.833739946795, -367.556364229967, 
-472.77043124462, -632.75240757476, -898.490754227833, -733.496955694037, 
-488.662207541573, -223.611204139632, -87.4208466846019, -70.3362738591864
), .Names = c("handle_A1", "handle_A2", "handle_A3", "handle_A6", 
"handle_A8", "handle_A9", "handle_A10", "handle_A11", "handle_A12", 
"handle_A13", "handle_A14", "handle_A15", "handle_A16", "handle_A17", 
"handle_A18", "handle_A19", "handle_A21", "handle_A22", "handle_A23", 
"handle_A24", "handle_A25", "handle_A26", "handle_A27", "handle_A28", 
"handle_A29", "handle_A32", "handle_A34", "handle_A35", "handle_A36", 
"handle_A37", "handle_A38", "handle_A39", "handle_A40", "handle_A41", 
"handle_A42", "handle_A43", "handle_A44", "handle_A45", "handle_A47", 
"handle_A48", "handle_A49", "handle_A50", "handle_A51", "node1", 
"node2", "node3", "node6", "node8", "node9", "node10", "node11", 
"node12", "node13", "node14", "node15", "node16", "node17", "node18", 
"node19", "node21", "node22", "node23", "node24", "node25", "node27", 
"node28", "node29", "node32", "node34", "node35", "node36", "node37", 
"node38", "node39", "node40", "node41", "node42", "node43", "node44", 
"node45", "node47", "node48", "node49", "node50", "node51", "node52"
), class = "minsymvec"), overunderobj = structure(c(11, 3, 21, 
7, 19, 9, 14, 25, 17, 2, 13, 6, 20, 8, 18, 10, 15, 24), .Dim = c(9L, 
2L)), symobj = structure(list(Mver = structure(c(19, 6, 21, 22, 
7, 20, 5, 4), .Dim = c(4L, 2L)), xver = 26, Mhor = NULL, xhor = NULL, 
    Mrot = NULL, exact_h = NULL, exact_v = NULL, mcdonalds = FALSE, 
    celtic = FALSE, reefknot = FALSE, center_crossing = FALSE, 
    indep = structure(c(TRUE, TRUE, TRUE, FALSE, FALSE, TRUE, 
    FALSE, TRUE, TRUE, TRUE, TRUE, TRUE, TRUE, TRUE, TRUE, TRUE, 
    TRUE, TRUE, TRUE, FALSE, TRUE, TRUE, TRUE, TRUE, TRUE, TRUE, 
    TRUE, TRUE, TRUE, FALSE, FALSE, TRUE, FALSE, TRUE, TRUE, 
    TRUE, TRUE, TRUE, TRUE, TRUE, TRUE, TRUE, TRUE, TRUE, TRUE, 
    FALSE, TRUE, TRUE, TRUE, TRUE, TRUE, FALSE, TRUE, TRUE, TRUE, 
    FALSE, FALSE, TRUE, FALSE, TRUE, TRUE, TRUE, TRUE, TRUE, 
    TRUE, TRUE, TRUE, TRUE, TRUE, TRUE, TRUE, FALSE, TRUE, TRUE, 
    TRUE, TRUE, TRUE, FALSE, TRUE, TRUE, TRUE, FALSE, FALSE, 
    TRUE, FALSE, TRUE, TRUE, TRUE, TRUE, TRUE, TRUE, TRUE, TRUE, 
    TRUE, TRUE, TRUE, TRUE, FALSE, TRUE, TRUE, TRUE, TRUE, TRUE, 
    TRUE), .Names = c("handle_A1", "handle_A2", "handle_A3", 
    "handle_A4", "handle_A5", "handle_A6", "handle_A7", "handle_A8", 
    "handle_A9", "handle_A10", "handle_A11", "handle_A12", "handle_A13", 
    "handle_A14", "handle_A15", "handle_A16", "handle_A17", "handle_A18", 
    "handle_A19", "handle_A20", "handle_A21", "handle_A22", "handle_A23", 
    "handle_A24", "handle_A25", "handle_A26", "handle_A27", "handle_A28", 
    "handle_A29", "handle_A30", "handle_A31", "handle_A32", "handle_A33", 
    "handle_A34", "handle_A35", "handle_A36", "handle_A37", "handle_A38", 
    "handle_A39", "handle_A40", "handle_A41", "handle_A42", "handle_A43", 
    "handle_A44", "handle_A45", "handle_A46", "handle_A47", "handle_A48", 
    "handle_A49", "handle_A50", "handle_A51", "handle_A52", "node1", 
    "node2", "node3", "node4", "node5", "node6", "node7", "node8", 
    "node9", "node10", "node11", "node12", "node13", "node14", 
    "node15", "node16", "node17", "node18", "node19", "node20", 
    "node21", "node22", "node23", "node24", "node25", "node26", 
    "node27", "node28", "node29", "node30", "node31", "node32", 
    "node33", "node34", "node35", "node36", "node37", "node38", 
    "node39", "node40", "node41", "node42", "node43", "node44", 
    "node45", "node46", "node47", "node48", "node49", "node50", 
    "node51", "node52"))), .Names = c("Mver", "xver", "Mhor", 
"xhor", "Mrot", "exact_h", "exact_v", "mcdonalds", "celtic", 
"reefknot", "center_crossing", "indep"))), .Names = c("minsymvec", 
"overunderobj", "symobj"), class = "knot")
