`k9_13` <-
	structure(list(minsymvec = structure(c(80.6910000918814, 341.000626206875, 
401.820669168356, 274.911175206382, -123.208727175902, -357.519312042746, 
-205.050201259726, -8.62639304091269, -33.7469788305553, 279.367540155391, 
281.622561213357, 324.396564050714, 209.682889565092, 91.8473133829522, 
-21.2810793393256, -119.965930599552, -54.3109719806543, -287.16537129231, 
-235.721129969432, -83.7081408567289, -43.3759193389405, -95.541951501326, 
-276.532933713607, -373.109181357742, -39.7710852133283, -105.715151216543, 
-280.273585741068, -324.86841562322, -489.208362946882, -489.515709828933, 
-313.005771491407, -84.5091106957659, 52.6392671054171, -41.0193633413732, 
-183.734980506675, -358.053380625123, -755.989655114389, -482.687023463823, 
-250.865787347897, 186.357878908635, 386.152046406074, 374.624107263396, 
127.336919573924, -212.718108943491, -324.238475210721, -156.253466363748, 
3.00041899138595, -39.1531616040772, 282.28480044793, 289.830707530629, 
299.028409233851, 152.382890190228, 44.8768008110044, -53.7520801307815, 
-77.7564463032541, -161.76976256889, -278.664442336399, -180.057331160319, 
-78.7157091017384, -155.527106662213, -302.483260572344, -278.938858871242, 
-29.7434813117397, -181.581238382124, -292.855773163492, -409.65893809512, 
-580.044969351241, -442.741925521375, -213.892696684955, -27.6822343201838, 
26.5667952674517, -108.092959986948, -240.393961477539, -431.478933478716, 
-695.070568783334, -404.768251057056, -165.238088872284, -14.7864588576187
), .Names = c("handle_A1", "handle_A2", "handle_A3", "handle_A4", 
"handle_A5", "handle_A6", "handle_A7", "handle_A8", "handle_A9", 
"handle_A11", "handle_A12", "handle_A13", "handle_A14", "handle_A15", 
"handle_A16", "handle_A17", "handle_A19", "handle_A20", "handle_A21", 
"handle_A22", "handle_A23", "handle_A24", "handle_A25", "handle_A26", 
"handle_A27", "handle_A28", "handle_A29", "handle_A30", "handle_A31", 
"handle_A33", "handle_A34", "handle_A35", "handle_A36", "handle_A37", 
"handle_A38", "handle_A39", "handle_A41", "handle_A42", "handle_A43", 
"node1", "node2", "node3", "node4", "node5", "node6", "node7", 
"node8", "node9", "node11", "node12", "node13", "node14", "node15", 
"node16", "node17", "node19", "node20", "node21", "node23", "node24", 
"node25", "node26", "node27", "node28", "node29", "node30", "node31", 
"node33", "node34", "node35", "node36", "node37", "node38", "node39", 
"node41", "node42", "node43", "node44"), class = "minsymvec"), 
    overunderobj = structure(c(15, 2, 12, 5, 22, 19, 9, 17, 7, 
    1, 13, 4, 16, 5, 10, 18, 8, 21), .Dim = c(9L, 2L)), symobj = structure(list(
        Mver = structure(c(19, 9, 10, 18), .Dim = c(2L, 2L)), 
        xver = 22, Mhor = NULL, xhor = NULL, Mrot = NULL, exact_h = NULL, 
        exact_v = NULL, mcdonalds = TRUE, celtic = FALSE, reefknot = FALSE, 
        center_crossing = FALSE, indep = structure(c(TRUE, TRUE, 
        TRUE, TRUE, TRUE, TRUE, TRUE, TRUE, TRUE, FALSE, TRUE, 
        TRUE, TRUE, TRUE, TRUE, TRUE, TRUE, FALSE, TRUE, TRUE, 
        TRUE, TRUE, TRUE, TRUE, TRUE, TRUE, TRUE, TRUE, TRUE, 
        TRUE, TRUE, FALSE, TRUE, TRUE, TRUE, TRUE, TRUE, TRUE, 
        TRUE, FALSE, TRUE, TRUE, TRUE, FALSE, TRUE, TRUE, TRUE, 
        TRUE, TRUE, TRUE, TRUE, TRUE, TRUE, FALSE, TRUE, TRUE, 
        TRUE, TRUE, TRUE, TRUE, TRUE, FALSE, TRUE, TRUE, TRUE, 
        FALSE, TRUE, TRUE, TRUE, TRUE, TRUE, TRUE, TRUE, TRUE, 
        TRUE, FALSE, TRUE, TRUE, TRUE, TRUE, TRUE, TRUE, TRUE, 
        FALSE, TRUE, TRUE, TRUE, TRUE), .Names = c("handle_A1", 
        "handle_A2", "handle_A3", "handle_A4", "handle_A5", "handle_A6", 
        "handle_A7", "handle_A8", "handle_A9", "handle_A10", 
        "handle_A11", "handle_A12", "handle_A13", "handle_A14", 
        "handle_A15", "handle_A16", "handle_A17", "handle_A18", 
        "handle_A19", "handle_A20", "handle_A21", "handle_A22", 
        "handle_A23", "handle_A24", "handle_A25", "handle_A26", 
        "handle_A27", "handle_A28", "handle_A29", "handle_A30", 
        "handle_A31", "handle_A32", "handle_A33", "handle_A34", 
        "handle_A35", "handle_A36", "handle_A37", "handle_A38", 
        "handle_A39", "handle_A40", "handle_A41", "handle_A42", 
        "handle_A43", "handle_A44", "node1", "node2", "node3", 
        "node4", "node5", "node6", "node7", "node8", "node9", 
        "node10", "node11", "node12", "node13", "node14", "node15", 
        "node16", "node17", "node18", "node19", "node20", "node21", 
        "node22", "node23", "node24", "node25", "node26", "node27", 
        "node28", "node29", "node30", "node31", "node32", "node33", 
        "node34", "node35", "node36", "node37", "node38", "node39", 
        "node40", "node41", "node42", "node43", "node44"))), .Names = c("Mver", 
    "xver", "Mhor", "xhor", "Mrot", "exact_h", "exact_v", "mcdonalds", 
    "celtic", "reefknot", "center_crossing", "indep"))), .Names = c("minsymvec", 
"overunderobj", "symobj"), class = "knot")
