`k9_14` <- 
structure(list(minsymvec = structure(c(127.568653595788, 372.89203910511, 
403.551941951835, 252.753298375827, -33.1908263871573, -255.25658237043, 
-390.849392320314, -415.237306554263, -313.129186899672, -148.461714092755, 
-62.4036662227496, 0.204549240889259, 157.497797810119, 268.646000085285, 
358.840864835105, 269.870299995083, 114.666310474003, -77.0735088988244, 
-440.365271540582, -643.540588349301, -342.813763385775, -271.989393284805, 
-103.563995394404, -150.687117491924, -291.41867411389, -459.110421013236, 
-510.197795266105, -536.931334384914, -519.489480541057, -458.503592512141, 
-194.685945835496, -102.058866006593, -152.861897448102, -318.579463586762, 
-551.384244388122, -628.556695447217, -507.838032559738, -249.026329946623, 
-104.051312696928, -155.05486300011, -293.297861808345, -217.601685245083, 
-507.462537530938, -432.342121189385, -275.917702156494, 230.683501069458, 
395.651364029021, 349.813673075932, 133.238737281987, -119.707192466321, 
-279.701444454621, -420.754669838778, -387.41057275466, -252.261249916173, 
-112.730348071604, -37.0801432961142, 46.5909871111079, 209.986405296605, 
304.611182672364, 340.065994919487, 208.429981180274, 44.184029051155, 
-163.466382701292, -566.523948782946, -529.298186072351, -308.312344628314, 
-225.384682474131, -213.602055351747, -344.15826713705, -493.283559200905, 
-510.61761133547, -537.347934807888, -509.072125088461, -361.583469100253, 
-162.566958225958, -107.967465228081, -210.408966877092, -410.159666065248, 
-587.34097489145, -591.410934601317, -399.03732194862, -194.564968024177, 
-109.431464444392, -207.456937979569, -301.546531241488, -286.43745734114, 
-519.858838836959, -369.756473744246, -216.042073204797, -99.4286141105349
), .Names = c("handle_A1", "handle_A2", "handle_A3", "handle_A4", 
"handle_A5", "handle_A6", "handle_A7", "handle_A8", "handle_A9", 
"handle_A10", "handle_A11", "handle_A12", "handle_A13", "handle_A14", 
"handle_A15", "handle_A16", "handle_A17", "handle_A18", "handle_A19", 
"handle_A20", "handle_A21", "handle_A22", "handle_A23", "handle_A24", 
"handle_A25", "handle_A26", "handle_A27", "handle_A28", "handle_A29", 
"handle_A30", "handle_A31", "handle_A32", "handle_A33", "handle_A34", 
"handle_A35", "handle_A36", "handle_A37", "handle_A38", "handle_A39", 
"handle_A40", "handle_A41", "handle_A42", "handle_A43", "handle_A44", 
"handle_A45", "node1", "node2", "node3", "node4", "node5", "node6", 
"node7", "node8", "node9", "node10", "node11", "node12", "node13", 
"node14", "node15", "node16", "node17", "node18", "node19", "node20", 
"node21", "node22", "node24", "node25", "node26", "node27", "node28", 
"node29", "node30", "node31", "node32", "node33", "node34", "node35", 
"node36", "node37", "node38", "node39", "node40", "node41", "node42", 
"node43", "node44", "node45", "node46"), class = "minsymvec"), 
    overunderobj = structure(c(17, 2, 14, 5, 11, 23, 8, 21, 19, 
    1, 15, 4, 12, 18, 10, 19, 7, 22), .Dim = c(9L, 2L)), symobj = structure(list(
        Mver = NULL, xver = 23, Mhor = NULL, xhor = NULL, Mrot = NULL, 
        exact_h = NULL, exact_v = NULL, mcdonalds = FALSE, celtic = FALSE, 
        reefknot = FALSE, center_crossing = FALSE, indep = structure(c(TRUE, 
        TRUE, TRUE, TRUE, TRUE, TRUE, TRUE, TRUE, TRUE, TRUE, 
        TRUE, TRUE, TRUE, TRUE, TRUE, TRUE, TRUE, TRUE, TRUE, 
        TRUE, TRUE, TRUE, TRUE, TRUE, TRUE, TRUE, TRUE, TRUE, 
        TRUE, TRUE, TRUE, TRUE, TRUE, TRUE, TRUE, TRUE, TRUE, 
        TRUE, TRUE, TRUE, TRUE, TRUE, TRUE, TRUE, TRUE, FALSE, 
        TRUE, TRUE, TRUE, TRUE, TRUE, TRUE, TRUE, TRUE, TRUE, 
        TRUE, TRUE, TRUE, TRUE, TRUE, TRUE, TRUE, TRUE, TRUE, 
        TRUE, TRUE, TRUE, TRUE, FALSE, TRUE, TRUE, TRUE, TRUE, 
        TRUE, TRUE, TRUE, TRUE, TRUE, TRUE, TRUE, TRUE, TRUE, 
        TRUE, TRUE, TRUE, TRUE, TRUE, TRUE, TRUE, TRUE, TRUE, 
        TRUE), .Names = c("handle_A1", "handle_A2", "handle_A3", 
        "handle_A4", "handle_A5", "handle_A6", "handle_A7", "handle_A8", 
        "handle_A9", "handle_A10", "handle_A11", "handle_A12", 
        "handle_A13", "handle_A14", "handle_A15", "handle_A16", 
        "handle_A17", "handle_A18", "handle_A19", "handle_A20", 
        "handle_A21", "handle_A22", "handle_A23", "handle_A24", 
        "handle_A25", "handle_A26", "handle_A27", "handle_A28", 
        "handle_A29", "handle_A30", "handle_A31", "handle_A32", 
        "handle_A33", "handle_A34", "handle_A35", "handle_A36", 
        "handle_A37", "handle_A38", "handle_A39", "handle_A40", 
        "handle_A41", "handle_A42", "handle_A43", "handle_A44", 
        "handle_A45", "handle_A46", "node1", "node2", "node3", 
        "node4", "node5", "node6", "node7", "node8", "node9", 
        "node10", "node11", "node12", "node13", "node14", "node15", 
        "node16", "node17", "node18", "node19", "node20", "node21", 
        "node22", "node23", "node24", "node25", "node26", "node27", 
        "node28", "node29", "node30", "node31", "node32", "node33", 
        "node34", "node35", "node36", "node37", "node38", "node39", 
        "node40", "node41", "node42", "node43", "node44", "node45", 
        "node46"))), .Names = c("Mver", "xver", "Mhor", "xhor", 
    "Mrot", "exact_h", "exact_v", "mcdonalds", "celtic", "reefknot", 
    "center_crossing", "indep"))), .Names = c("minsymvec", "overunderobj", 
"symobj"), class = "knot")
