`k9_14` <-
structure(list(minsymvec = structure(c(119.167948355916, 359.461571926525, 
401.151799577758, 230.67429446402, -44.1049845789278, -245.803492163097, 
-382.742056276997, -408.804344256915, -307.184321256943, -154.777324372524, 
-72.5826954472306, -28.322722921659, 162.524824276098, 234.747965541033, 
359.993505170787, 252.138946754196, 119.045791018636, -80.2207527471944, 
-429.96004531956, -627.684237872023, -333.541057168075, -277.100057540231, 
-101.716860981055, -152.677293950689, -264.985325513195, -473.950494137232, 
-492.370074031627, -532.180963729645, -518.066653159037, -455.026691531225, 
-191.58778868271, -93.1823196486564, -154.66605256941, -333.901122024234, 
-558.77659154719, -635.691039008853, -498.270618167896, -245.041983706339, 
-69.8965492489767, -158.362203391267, -330.471456080957, -210.479381752263, 
-475.573228484854, -429.869309466069, -287.633325519091, 216.937732442311, 
394.240009265377, 329.722582828693, 107.563971276455, -122.642597260286, 
-271.626979408336, -412.186485099404, -382.282897298138, -248.177542466042, 
-118.068232551136, -50.7758943029339, 27.4438707772337, 208.858751385373, 
276.303154594325, 342.309674012733, 189.765116501878, 52.2722173314937, 
-170.944542764524, -543.991449799082, -517.0882244774, -299.97919376338, 
-230.019542977312, -211.723920749675, -328.620798312684, -501.934099199171, 
-497.151925668621, -533.508414696883, -506.831769044446, -358.37257026893, 
-158.09739128355, -103.282429170253, -226.136175283604, -423.357372211475, 
-600.801898464804, -582.532459610848, -387.180376700347, -173.320573175151, 
-92.8361572914684, -221.175134237029, -321.139932541617, -271.186500525686, 
-498.052149239115, -366.813070680417, -225.13973496789, -97.6660041269358
), .Names = c("handle_A1", "handle_A2", "handle_A3", "handle_A4", 
"handle_A5", "handle_A6", "handle_A7", "handle_A8", "handle_A9", 
"handle_A10", "handle_A11", "handle_A12", "handle_A13", "handle_A14", 
"handle_A15", "handle_A16", "handle_A17", "handle_A18", "handle_A19", 
"handle_A20", "handle_A21", "handle_A22", "handle_A23", "handle_A24", 
"handle_A25", "handle_A26", "handle_A27", "handle_A28", "handle_A29", 
"handle_A30", "handle_A31", "handle_A32", "handle_A33", "handle_A34", 
"handle_A35", "handle_A36", "handle_A37", "handle_A38", "handle_A39", 
"handle_A40", "handle_A41", "handle_A42", "handle_A43", "handle_A44", 
"handle_A45", "node1", "node2", "node3", "node4", "node5", "node6", 
"node7", "node8", "node9", "node10", "node11", "node12", "node13", 
"node14", "node15", "node16", "node17", "node18", "node19", "node20", 
"node21", "node22", "node24", "node25", "node26", "node27", "node28", 
"node29", "node30", "node31", "node32", "node33", "node34", "node35", 
"node36", "node37", "node38", "node39", "node40", "node41", "node42", 
"node43", "node44", "node45", "node46"), class = "minsymvec"), 
    overunderobj = structure(c(17, 2, 14, 5, 11, 23, 8, 21, 19, 
    1, 15, 4, 12, 18, 10, 19, 7, 22), .Dim = c(9L, 2L)), symobj = structure(list(
        Mver = NULL, xver = 23, Mhor = NULL, xhor = NULL, Mrot = NULL, 
        mcdonalds = FALSE, celtic = FALSE, indep = structure(c(TRUE, 
        TRUE, TRUE, TRUE, TRUE, TRUE, TRUE, TRUE, TRUE, TRUE, 
        TRUE, TRUE, TRUE, TRUE, TRUE, TRUE, TRUE, TRUE, TRUE, 
        TRUE, TRUE, TRUE, TRUE, TRUE, TRUE, TRUE, TRUE, TRUE, 
        TRUE, TRUE, TRUE, TRUE, TRUE, TRUE, TRUE, TRUE, TRUE, 
        TRUE, TRUE, TRUE, TRUE, TRUE, TRUE, TRUE, TRUE, FALSE, 
        TRUE, TRUE, TRUE, TRUE, TRUE, TRUE, TRUE, TRUE, TRUE, 
        TRUE, TRUE, TRUE, TRUE, TRUE, TRUE, TRUE, TRUE, TRUE, 
        TRUE, TRUE, TRUE, TRUE, FALSE, TRUE, TRUE, TRUE, TRUE, 
        TRUE, TRUE, TRUE, TRUE, TRUE, TRUE, TRUE, TRUE, TRUE, 
        TRUE, TRUE, TRUE, TRUE, TRUE, TRUE, TRUE, TRUE, TRUE, 
        TRUE), .Names = c("handle_A1", "handle_A2", "handle_A3", 
        "handle_A4", "handle_A5", "handle_A6", "handle_A7", "handle_A8", 
        "handle_A9", "handle_A10", "handle_A11", "handle_A12", 
        "handle_A13", "handle_A14", "handle_A15", "handle_A16", 
        "handle_A17", "handle_A18", "handle_A19", "handle_A20", 
        "handle_A21", "handle_A22", "handle_A23", "handle_A24", 
        "handle_A25", "handle_A26", "handle_A27", "handle_A28", 
        "handle_A29", "handle_A30", "handle_A31", "handle_A32", 
        "handle_A33", "handle_A34", "handle_A35", "handle_A36", 
        "handle_A37", "handle_A38", "handle_A39", "handle_A40", 
        "handle_A41", "handle_A42", "handle_A43", "handle_A44", 
        "handle_A45", "handle_A46", "node1", "node2", "node3", 
        "node4", "node5", "node6", "node7", "node8", "node9", 
        "node10", "node11", "node12", "node13", "node14", "node15", 
        "node16", "node17", "node18", "node19", "node20", "node21", 
        "node22", "node23", "node24", "node25", "node26", "node27", 
        "node28", "node29", "node30", "node31", "node32", "node33", 
        "node34", "node35", "node36", "node37", "node38", "node39", 
        "node40", "node41", "node42", "node43", "node44", "node45", 
        "node46"))), .Names = c("Mver", "xver", "Mhor", "xhor", 
    "Mrot", "mcdonalds", "celtic", "indep"))), .Names = c("minsymvec", 
"overunderobj", "symobj"), class = "knot")
