`k9_15` <-
structure(list(minsymvec = structure(c(-41.1774316483407, -47.163438313014, 
-7.65485307754314, -154.490268046837, -205.379595562569, -4.92834029871987, 
-151.390993607356, -243.285648650013, -73.6953852854814, -40.73298285292, 
-46.2897154873994, -10.0537239629411, -120.08774167218, 186.081232900699, 
-157.711713984037, -272.799217106445, -537.779541830319, -350.072884968045, 
-210.363106634544, 109.530356069393, -375.777663687241, -121.42277301045, 
211.490513672663, 371.621765426011, -38.6534595786735, -52.2277674768713, 
-190.725902519703, -118.204370505627, -52.9106053342233, -194.263385609999, 
-198.5671751543, -39.8875664931018, -36.2495281286739, -52.6560422043713, 
-104.515786123782, 515.181418143769, 103.324203411619, -195.292399807605, 
-352.193870927952, -568.697614023033, -302.439636635785, -111.669347529352, 
208.686190958534, 344.100916196338, -449.891245017073, -48.1191632261651, 
263.213271626018, 430.139355330398), .Names = c("handle_A1", 
"handle_A4", "handle_A6", "handle_A7", "handle_A8", "handle_A10", 
"handle_A11", "handle_A12", "handle_A13", "handle_A17", "handle_A21", 
"handle_A23", "handle_A24", "handle_A28", "handle_A30", "handle_A31", 
"handle_A32", "handle_A34", "handle_A35", "handle_A36", "handle_A41", 
"handle_A45", "handle_A47", "handle_A48", "node4", "node6", "node7", 
"node8", "node10", "node11", "node12", "node17", "node21", "node23", 
"node24", "node25", "node28", "node30", "node31", "node32", "node34", 
"node35", "node36", "node37", "node41", "node45", "node47", "node48"
), class = "minsymvec"), overunderobj = structure(c(3, 23, 5, 
21, 7, 18, 10, 13, 16, 14, 4, 22, 6, 11, 9, 17, 24, 20), .Dim = c(9L, 
2L)), symobj = structure(list(Mver = structure(c(24, 12, 11, 
23, 4, 21, 6, 7, 10, 17, 8, 2, 14, 15, 3, 22, 5, 20, 19, 16, 
9, 18), .Dim = c(11L, 2L)), xver = c(1, 13), Mhor = NULL, xhor = NULL, 
    Mrot = NULL, mcdonalds = FALSE, celtic = FALSE, indep = structure(c(TRUE, 
    FALSE, FALSE, TRUE, FALSE, TRUE, TRUE, TRUE, FALSE, TRUE, 
    TRUE, TRUE, TRUE, FALSE, FALSE, FALSE, TRUE, FALSE, FALSE, 
    FALSE, TRUE, FALSE, TRUE, TRUE, FALSE, FALSE, FALSE, TRUE, 
    FALSE, TRUE, TRUE, TRUE, FALSE, TRUE, TRUE, TRUE, FALSE, 
    FALSE, FALSE, FALSE, TRUE, FALSE, FALSE, FALSE, TRUE, FALSE, 
    TRUE, TRUE, FALSE, FALSE, FALSE, TRUE, FALSE, TRUE, TRUE, 
    TRUE, FALSE, TRUE, TRUE, TRUE, FALSE, FALSE, FALSE, FALSE, 
    TRUE, FALSE, FALSE, FALSE, TRUE, FALSE, TRUE, TRUE, TRUE, 
    FALSE, FALSE, TRUE, FALSE, TRUE, TRUE, TRUE, FALSE, TRUE, 
    TRUE, TRUE, TRUE, FALSE, FALSE, FALSE, TRUE, FALSE, FALSE, 
    FALSE, TRUE, FALSE, TRUE, TRUE), .Names = c("handle_A1", 
    "handle_A2", "handle_A3", "handle_A4", "handle_A5", "handle_A6", 
    "handle_A7", "handle_A8", "handle_A9", "handle_A10", "handle_A11", 
    "handle_A12", "handle_A13", "handle_A14", "handle_A15", "handle_A16", 
    "handle_A17", "handle_A18", "handle_A19", "handle_A20", "handle_A21", 
    "handle_A22", "handle_A23", "handle_A24", "handle_A25", "handle_A26", 
    "handle_A27", "handle_A28", "handle_A29", "handle_A30", "handle_A31", 
    "handle_A32", "handle_A33", "handle_A34", "handle_A35", "handle_A36", 
    "handle_A37", "handle_A38", "handle_A39", "handle_A40", "handle_A41", 
    "handle_A42", "handle_A43", "handle_A44", "handle_A45", "handle_A46", 
    "handle_A47", "handle_A48", "node1", "node2", "node3", "node4", 
    "node5", "node6", "node7", "node8", "node9", "node10", "node11", 
    "node12", "node13", "node14", "node15", "node16", "node17", 
    "node18", "node19", "node20", "node21", "node22", "node23", 
    "node24", "node25", "node26", "node27", "node28", "node29", 
    "node30", "node31", "node32", "node33", "node34", "node35", 
    "node36", "node37", "node38", "node39", "node40", "node41", 
    "node42", "node43", "node44", "node45", "node46", "node47", 
    "node48"))), .Names = c("Mver", "xver", "Mhor", "xhor", "Mrot", 
"mcdonalds", "celtic", "indep"))), .Names = c("minsymvec", "overunderobj", 
"symobj"), class = "knot")
