`k9_15` <- 
structure(list(minsymvec = structure(c(-43.5542932413883, -25.6767320531824, 
-9.78281104395716, -149.076850762064, -207.68169138833, -9.99863798314223, 
-145.018024379699, -242.063911751498, -72.0231879513036, -43.3607875675686, 
-26.5367466762445, -13.4745266552509, -116.696697960822, 175.890143755014, 
-142.187619008263, -274.352813674943, -545.449461760485, -348.517533433641, 
-204.312954491478, 108.248639673745, -396.500691290781, -107.57787785828, 
205.655407918522, 378.005899190468, -22.5012692801571, -50.7205059069315, 
-187.595333282216, -124.854738019233, -51.4461522889076, -187.402156534812, 
-197.372301906635, -38.7835855598601, -22.3878345926153, -51.3661047264678, 
-103.549390438644, 528.636183709442, 107.13957191171, -185.845757869052, 
-357.521460931883, -580.682658739586, -301.859847615078, -108.040522382057, 
209.539014678673, 348.525396454985, -474.18879418962, -45.6574813249555, 
262.215272567965, 438.293529785858), .Names = c("handle_A1", 
"handle_A4", "handle_A6", "handle_A7", "handle_A8", "handle_A10", 
"handle_A11", "handle_A12", "handle_A13", "handle_A17", "handle_A21", 
"handle_A23", "handle_A24", "handle_A28", "handle_A30", "handle_A31", 
"handle_A32", "handle_A34", "handle_A35", "handle_A36", "handle_A41", 
"handle_A45", "handle_A47", "handle_A48", "node4", "node6", "node7", 
"node8", "node10", "node11", "node12", "node17", "node21", "node23", 
"node24", "node25", "node28", "node30", "node31", "node32", "node34", 
"node35", "node36", "node37", "node41", "node45", "node47", "node48"
), class = "minsymvec"), overunderobj = structure(c(3, 23, 5, 
21, 7, 18, 10, 13, 16, 14, 4, 22, 6, 11, 9, 17, 24, 20), .Dim = c(9L, 
2L)), symobj = structure(list(Mver = structure(c(24, 12, 11, 
23, 4, 21, 6, 7, 10, 17, 8, 2, 14, 15, 3, 22, 5, 20, 19, 16, 
9, 18), .Dim = c(11L, 2L)), xver = c(1, 13), Mhor = NULL, xhor = NULL, 
    Mrot = NULL, exact_h = NULL, exact_v = NULL, mcdonalds = FALSE, 
    celtic = FALSE, reefknot = FALSE, center_crossing = FALSE, 
    indep = structure(c(TRUE, FALSE, FALSE, TRUE, FALSE, TRUE, 
    TRUE, TRUE, FALSE, TRUE, TRUE, TRUE, TRUE, FALSE, FALSE, 
    FALSE, TRUE, FALSE, FALSE, FALSE, TRUE, FALSE, TRUE, TRUE, 
    FALSE, FALSE, FALSE, TRUE, FALSE, TRUE, TRUE, TRUE, FALSE, 
    TRUE, TRUE, TRUE, FALSE, FALSE, FALSE, FALSE, TRUE, FALSE, 
    FALSE, FALSE, TRUE, FALSE, TRUE, TRUE, FALSE, FALSE, FALSE, 
    TRUE, FALSE, TRUE, TRUE, TRUE, FALSE, TRUE, TRUE, TRUE, FALSE, 
    FALSE, FALSE, FALSE, TRUE, FALSE, FALSE, FALSE, TRUE, FALSE, 
    TRUE, TRUE, TRUE, FALSE, FALSE, TRUE, FALSE, TRUE, TRUE, 
    TRUE, FALSE, TRUE, TRUE, TRUE, TRUE, FALSE, FALSE, FALSE, 
    TRUE, FALSE, FALSE, FALSE, TRUE, FALSE, TRUE, TRUE), .Names = c("handle_A1", 
    "handle_A2", "handle_A3", "handle_A4", "handle_A5", "handle_A6", 
    "handle_A7", "handle_A8", "handle_A9", "handle_A10", "handle_A11", 
    "handle_A12", "handle_A13", "handle_A14", "handle_A15", "handle_A16", 
    "handle_A17", "handle_A18", "handle_A19", "handle_A20", "handle_A21", 
    "handle_A22", "handle_A23", "handle_A24", "handle_A25", "handle_A26", 
    "handle_A27", "handle_A28", "handle_A29", "handle_A30", "handle_A31", 
    "handle_A32", "handle_A33", "handle_A34", "handle_A35", "handle_A36", 
    "handle_A37", "handle_A38", "handle_A39", "handle_A40", "handle_A41", 
    "handle_A42", "handle_A43", "handle_A44", "handle_A45", "handle_A46", 
    "handle_A47", "handle_A48", "node1", "node2", "node3", "node4", 
    "node5", "node6", "node7", "node8", "node9", "node10", "node11", 
    "node12", "node13", "node14", "node15", "node16", "node17", 
    "node18", "node19", "node20", "node21", "node22", "node23", 
    "node24", "node25", "node26", "node27", "node28", "node29", 
    "node30", "node31", "node32", "node33", "node34", "node35", 
    "node36", "node37", "node38", "node39", "node40", "node41", 
    "node42", "node43", "node44", "node45", "node46", "node47", 
    "node48"))), .Names = c("Mver", "xver", "Mhor", "xhor", "Mrot", 
"exact_h", "exact_v", "mcdonalds", "celtic", "reefknot", "center_crossing", 
"indep"))), .Names = c("minsymvec", "overunderobj", "symobj"), class = "knot")
