`k9_16` <-
structure(list(minsymvec = structure(c(-48.0491200206585, -39.346240141332, 
-454.933888034419, -385.733761189345, -269.744643505333, -82.3133049870353, 
-41.8150244813919, -379.223344570597, -389.489254650849, -251.0940781577, 
-88.9549044471818, -207.257929102283, 83.7391337565442, 41.4076836864434, 
-246.721031432229, -116.378500114408, -100.221019774984, -441.483641325314, 
-397.976125722637, -149.833086641656, -160.815623827599, -89.3100389944719, 
-43.9317335763304, -175.32596663266, -474.913405129732, -312.772257054185, 
-200.622240495949, -44.2365464080164, -160.305195393738, -410.838537920714, 
-324.817527308763, -180.219597470135, -51.2091332597289, -288.709511662376, 
100.8269032192, -74.3831028580101, -205.722143597469, -82.3632813334937, 
-135.019872174467, -449.192905120118, -313.044613780302, -135.870306489762, 
-150.163953100038, -40.2988225009879), .Names = c("handle_A5", 
"handle_A11", "handle_A12", "handle_A13", "handle_A14", "handle_A15", 
"handle_A17", "handle_A18", "handle_A19", "handle_A20", "handle_A21", 
"handle_A27", "handle_A33", "handle_A34", "handle_A35", "handle_A36", 
"handle_A37", "handle_A39", "handle_A40", "handle_A41", "handle_A42", 
"handle_A43", "node5", "node11", "node12", "node13", "node14", 
"node15", "node17", "node18", "node19", "node20", "node21", "node27", 
"node33", "node34", "node35", "node36", "node37", "node39", "node40", 
"node41", "node42", "node43"), class = "minsymvec"), overunderobj = structure(c(22, 
8, 3, 10, 5, 17, 13, 20, 15, 11, 2, 9, 4, 16, 6, 19, 14, 21), .Dim = c(9L, 
2L)), symobj = structure(list(Mver = structure(c(11, 12, 19, 
14, 21, 13, 20, 15, 18, 5, 17, 22, 1, 8, 3, 10, 2, 9, 4, 7, 16, 
6), .Dim = c(11L, 2L)), xver = NULL, Mhor = NULL, xhor = NULL, 
    Mrot = NULL, mcdonalds = TRUE, celtic = FALSE, indep = structure(c(FALSE, 
    FALSE, FALSE, FALSE, TRUE, FALSE, FALSE, FALSE, FALSE, FALSE, 
    TRUE, TRUE, TRUE, TRUE, TRUE, FALSE, TRUE, TRUE, TRUE, TRUE, 
    TRUE, FALSE, FALSE, FALSE, FALSE, FALSE, TRUE, FALSE, FALSE, 
    FALSE, FALSE, FALSE, TRUE, TRUE, TRUE, TRUE, TRUE, FALSE, 
    TRUE, TRUE, TRUE, TRUE, TRUE, FALSE, FALSE, FALSE, FALSE, 
    FALSE, TRUE, FALSE, FALSE, FALSE, FALSE, FALSE, TRUE, TRUE, 
    TRUE, TRUE, TRUE, FALSE, TRUE, TRUE, TRUE, TRUE, TRUE, FALSE, 
    FALSE, FALSE, FALSE, FALSE, TRUE, FALSE, FALSE, FALSE, FALSE, 
    FALSE, TRUE, TRUE, TRUE, TRUE, TRUE, FALSE, TRUE, TRUE, TRUE, 
    TRUE, TRUE, FALSE), .Names = c("handle_A1", "handle_A2", 
    "handle_A3", "handle_A4", "handle_A5", "handle_A6", "handle_A7", 
    "handle_A8", "handle_A9", "handle_A10", "handle_A11", "handle_A12", 
    "handle_A13", "handle_A14", "handle_A15", "handle_A16", "handle_A17", 
    "handle_A18", "handle_A19", "handle_A20", "handle_A21", "handle_A22", 
    "handle_A23", "handle_A24", "handle_A25", "handle_A26", "handle_A27", 
    "handle_A28", "handle_A29", "handle_A30", "handle_A31", "handle_A32", 
    "handle_A33", "handle_A34", "handle_A35", "handle_A36", "handle_A37", 
    "handle_A38", "handle_A39", "handle_A40", "handle_A41", "handle_A42", 
    "handle_A43", "handle_A44", "node1", "node2", "node3", "node4", 
    "node5", "node6", "node7", "node8", "node9", "node10", "node11", 
    "node12", "node13", "node14", "node15", "node16", "node17", 
    "node18", "node19", "node20", "node21", "node22", "node23", 
    "node24", "node25", "node26", "node27", "node28", "node29", 
    "node30", "node31", "node32", "node33", "node34", "node35", 
    "node36", "node37", "node38", "node39", "node40", "node41", 
    "node42", "node43", "node44"))), .Names = c("Mver", "xver", 
"Mhor", "xhor", "Mrot", "mcdonalds", "celtic", "indep"))), .Names = c("minsymvec", 
"overunderobj", "symobj"), class = "knot")
