`k9_17` <- 
structure(list(minsymvec = structure(c(-15.1192763520176, -160.089431470332, 
-364.738070957056, -502.073877187202, -249.709175127584, -213.900505217007, 
-264.127125119278, -311.848414865961, -25.3042822297107, -7.32523578637365, 
-160.059796090663, -290.690939715191, -275.761703239624, -18.8398166244812, 
-102.040483826762, -106.989668888423, -121.627887750826, 176.774863371533, 
205.923489839289, 122.606108487946, 6.89197471682065, -179.45093166625, 
-137.870485020892, -98.2309426941179, 43.6675436550682, 262.469990277842, 
-81.2227801156063, -220.325353250097, -436.221107105277, -403.750921187211, 
-236.113348742111, -226.95272738352, -281.458852487971, -226.708978751428, 
-70.0675348186051, -204.954150393097, -300.802217378437, -192.512054313785, 
-95.4746515284127, -114.342061172693, -39.8538366236475, 225.898357517919, 
181.683309737235, 76.8585029626532, -44.2641546309044, -261.748723556566, 
-346.507013310418, -138.589030738783, -42.5204301315386, 115.801246534261, 
312.947800925332, 363.901772024279), .Names = c("handle_A5", 
"handle_A6", "handle_A7", "handle_A8", "handle_A9", "handle_A10", 
"handle_A11", "handle_A12", "handle_A13", "handle_A22", "handle_A23", 
"handle_A24", "handle_A25", "handle_A26", "handle_A31", "handle_A32", 
"handle_A33", "handle_A34", "handle_A35", "handle_A36", "handle_A37", 
"handle_A38", "handle_A48", "handle_A49", "handle_A50", "handle_A51", 
"node5", "node6", "node7", "node8", "node9", "node10", "node11", 
"node12", "node22", "node23", "node24", "node25", "node31", "node32", 
"node33", "node34", "node35", "node36", "node37", "node38", "node39", 
"node48", "node49", "node50", "node51", "node52"), class = "minsymvec"), 
    overunderobj = structure(c(2, 16, 4, 22, 6, 12, 9, 24, 20, 
    18, 3, 21, 5, 23, 7, 25, 11, 15), .Dim = c(9L, 2L)), symobj = structure(list(
        Mver = structure(c(25, 8, 7, 9, 10, 24, 5, 23, 22, 11, 
        6, 12, 1, 18, 19, 17, 16, 2, 21, 3, 4, 15, 20, 14), .Dim = c(12L, 
        2L)), xver = c(13, 26), Mhor = NULL, xhor = NULL, Mrot = NULL, 
        exact_h = NULL, exact_v = NULL, mcdonalds = FALSE, celtic = FALSE, 
        reefknot = FALSE, center_crossing = FALSE, indep = structure(c(FALSE, 
        FALSE, FALSE, FALSE, TRUE, TRUE, TRUE, TRUE, TRUE, TRUE, 
        TRUE, TRUE, TRUE, FALSE, FALSE, FALSE, FALSE, FALSE, 
        FALSE, FALSE, FALSE, TRUE, TRUE, TRUE, TRUE, TRUE, FALSE, 
        FALSE, FALSE, FALSE, TRUE, TRUE, TRUE, TRUE, TRUE, TRUE, 
        TRUE, TRUE, FALSE, FALSE, FALSE, FALSE, FALSE, FALSE, 
        FALSE, FALSE, FALSE, TRUE, TRUE, TRUE, TRUE, FALSE, FALSE, 
        FALSE, FALSE, FALSE, TRUE, TRUE, TRUE, TRUE, TRUE, TRUE, 
        TRUE, TRUE, FALSE, FALSE, FALSE, FALSE, FALSE, FALSE, 
        FALSE, FALSE, FALSE, TRUE, TRUE, TRUE, TRUE, FALSE, FALSE, 
        FALSE, FALSE, FALSE, TRUE, TRUE, TRUE, TRUE, TRUE, TRUE, 
        TRUE, TRUE, TRUE, FALSE, FALSE, FALSE, FALSE, FALSE, 
        FALSE, FALSE, FALSE, TRUE, TRUE, TRUE, TRUE, TRUE), .Names = c("handle_A1", 
        "handle_A2", "handle_A3", "handle_A4", "handle_A5", "handle_A6", 
        "handle_A7", "handle_A8", "handle_A9", "handle_A10", 
        "handle_A11", "handle_A12", "handle_A13", "handle_A14", 
        "handle_A15", "handle_A16", "handle_A17", "handle_A18", 
        "handle_A19", "handle_A20", "handle_A21", "handle_A22", 
        "handle_A23", "handle_A24", "handle_A25", "handle_A26", 
        "handle_A27", "handle_A28", "handle_A29", "handle_A30", 
        "handle_A31", "handle_A32", "handle_A33", "handle_A34", 
        "handle_A35", "handle_A36", "handle_A37", "handle_A38", 
        "handle_A39", "handle_A40", "handle_A41", "handle_A42", 
        "handle_A43", "handle_A44", "handle_A45", "handle_A46", 
        "handle_A47", "handle_A48", "handle_A49", "handle_A50", 
        "handle_A51", "handle_A52", "node1", "node2", "node3", 
        "node4", "node5", "node6", "node7", "node8", "node9", 
        "node10", "node11", "node12", "node13", "node14", "node15", 
        "node16", "node17", "node18", "node19", "node20", "node21", 
        "node22", "node23", "node24", "node25", "node26", "node27", 
        "node28", "node29", "node30", "node31", "node32", "node33", 
        "node34", "node35", "node36", "node37", "node38", "node39", 
        "node40", "node41", "node42", "node43", "node44", "node45", 
        "node46", "node47", "node48", "node49", "node50", "node51", 
        "node52"))), .Names = c("Mver", "xver", "Mhor", "xhor", 
    "Mrot", "exact_h", "exact_v", "mcdonalds", "celtic", "reefknot", 
    "center_crossing", "indep"))), .Names = c("minsymvec", "overunderobj", 
"symobj"), class = "knot")
