`k9_17` <-
structure(list(minsymvec = structure(c(4.102812965831, -170.795349482968, 
-378.029976254202, -489.97606996476, -248.568401897319, -201.093273740634, 
-264.388988590768, -328.023211193381, -25.1104273878195, 1.53462935077943, 
-172.197116719719, -277.957622370701, -274.811510862278, -15.5613213758187, 
-80.0579832112719, -92.6380075545276, -125.135177897496, 154.095874187148, 
200.401063683952, 116.535060471369, 16.4273351857238, -186.41409922668, 
-140.378644904096, -79.9226501562236, 25.9619815729667, 256.555239426687, 
-77.1761006968208, -235.168599019814, -437.670906527014, -399.974326287837, 
-232.254745226288, -219.208360056978, -290.045382165986, -237.816936138143, 
-79.1169062746928, -210.121610795467, -294.718023885763, -190.540754717166, 
-67.4167584896787, -109.47083033271, -48.2300325175737, 207.472564793265, 
177.768633718763, 68.9229344673089, -40.9590108996543, -262.947837120365, 
-340.684566907023, -141.302416670087, -26.5914693463962, 98.6463871071178, 
307.19255481196, 357.887502484993), .Names = c("handle_A5", "handle_A6", 
"handle_A7", "handle_A8", "handle_A9", "handle_A10", "handle_A11", 
"handle_A12", "handle_A13", "handle_A22", "handle_A23", "handle_A24", 
"handle_A25", "handle_A26", "handle_A31", "handle_A32", "handle_A33", 
"handle_A34", "handle_A35", "handle_A36", "handle_A37", "handle_A38", 
"handle_A48", "handle_A49", "handle_A50", "handle_A51", "node5", 
"node6", "node7", "node8", "node9", "node10", "node11", "node12", 
"node22", "node23", "node24", "node25", "node31", "node32", "node33", 
"node34", "node35", "node36", "node37", "node38", "node39", "node48", 
"node49", "node50", "node51", "node52"), class = "minsymvec"), 
    overunderobj = structure(c(2, 16, 4, 22, 6, 12, 9, 24, 20, 
    18, 3, 21, 5, 23, 7, 25, 11, 15), .Dim = c(9L, 2L)), symobj = structure(list(
        Mver = structure(c(25, 8, 7, 9, 10, 24, 5, 23, 22, 11, 
        6, 12, 1, 18, 19, 17, 16, 2, 21, 3, 4, 15, 20, 14), .Dim = c(12L, 
        2L)), xver = c(13, 26), Mhor = NULL, xhor = NULL, Mrot = NULL, 
        exact_h = NULL, exact_v = NULL, mcdonalds = FALSE, celtic = FALSE, 
        reefknot = FALSE, center_crossing = FALSE, indep = structure(c(FALSE, 
        FALSE, FALSE, FALSE, TRUE, TRUE, TRUE, TRUE, TRUE, TRUE, 
        TRUE, TRUE, TRUE, FALSE, FALSE, FALSE, FALSE, FALSE, 
        FALSE, FALSE, FALSE, TRUE, TRUE, TRUE, TRUE, TRUE, FALSE, 
        FALSE, FALSE, FALSE, TRUE, TRUE, TRUE, TRUE, TRUE, TRUE, 
        TRUE, TRUE, FALSE, FALSE, FALSE, FALSE, FALSE, FALSE, 
        FALSE, FALSE, FALSE, TRUE, TRUE, TRUE, TRUE, FALSE, FALSE, 
        FALSE, FALSE, FALSE, TRUE, TRUE, TRUE, TRUE, TRUE, TRUE, 
        TRUE, TRUE, FALSE, FALSE, FALSE, FALSE, FALSE, FALSE, 
        FALSE, FALSE, FALSE, TRUE, TRUE, TRUE, TRUE, FALSE, FALSE, 
        FALSE, FALSE, FALSE, TRUE, TRUE, TRUE, TRUE, TRUE, TRUE, 
        TRUE, TRUE, TRUE, FALSE, FALSE, FALSE, FALSE, FALSE, 
        FALSE, FALSE, FALSE, TRUE, TRUE, TRUE, TRUE, TRUE), .Names = c("handle_A1", 
        "handle_A2", "handle_A3", "handle_A4", "handle_A5", "handle_A6", 
        "handle_A7", "handle_A8", "handle_A9", "handle_A10", 
        "handle_A11", "handle_A12", "handle_A13", "handle_A14", 
        "handle_A15", "handle_A16", "handle_A17", "handle_A18", 
        "handle_A19", "handle_A20", "handle_A21", "handle_A22", 
        "handle_A23", "handle_A24", "handle_A25", "handle_A26", 
        "handle_A27", "handle_A28", "handle_A29", "handle_A30", 
        "handle_A31", "handle_A32", "handle_A33", "handle_A34", 
        "handle_A35", "handle_A36", "handle_A37", "handle_A38", 
        "handle_A39", "handle_A40", "handle_A41", "handle_A42", 
        "handle_A43", "handle_A44", "handle_A45", "handle_A46", 
        "handle_A47", "handle_A48", "handle_A49", "handle_A50", 
        "handle_A51", "handle_A52", "node1", "node2", "node3", 
        "node4", "node5", "node6", "node7", "node8", "node9", 
        "node10", "node11", "node12", "node13", "node14", "node15", 
        "node16", "node17", "node18", "node19", "node20", "node21", 
        "node22", "node23", "node24", "node25", "node26", "node27", 
        "node28", "node29", "node30", "node31", "node32", "node33", 
        "node34", "node35", "node36", "node37", "node38", "node39", 
        "node40", "node41", "node42", "node43", "node44", "node45", 
        "node46", "node47", "node48", "node49", "node50", "node51", 
        "node52"))), .Names = c("Mver", "xver", "Mhor", "xhor", 
    "Mrot", "exact_h", "exact_v", "mcdonalds", "celtic", "reefknot", 
    "center_crossing", "indep"))), .Names = c("minsymvec", "overunderobj", 
"symobj"), class = "knot")
