`k9_18` <-
structure(list(minsymvec = structure(c(214.509825244914, 349.073250407039, 
102.899645019096, -167.829840456358, -355.348282462049, -406.811656134312, 
-136.770742520361, -98.2656909065453, -156.482292096461, -162.784279885237, 
-89.6911939993299, 186.409377911447, 165.730792047813, 160.540104711511, 
192.305986150823, 416.005455944918, 317.060905759656, 131.282707886439, 
10.0910665024906, -56.7358818850137, -110.686896106346, -62.8711547060578, 
-165.327722739069, -152.635079308759, -9.41635782856787, 61.7695545901032, 
-147.521848129668, -478.054917260776, -271.015174328499, -48.3218842736973, 
6.77973155635461, -45.7222074626603, -150.932248291803, -294.200262521305, 
-351.278242296304, -261.556278907961, -140.242479891885, -2.91214791043144, 
103.550045258478, 46.2282067107326, -108.597502685668, -155.702397942864, 
-610.807020917459, -466.478249356925, -305.48638231158, -156.845058424268, 
97.6169610143265, 270.879886447306, 347.907599476824, -244.949574135188, 
-367.156313909551, -305.552279450234, -130.731026696526, -112.758605632716, 
-171.311990203864, -142.973905373443, 0.353334429486486, 186.11470428107, 
158.95120398576, 163.447691603916, 279.44312893631, 396.139566958017, 
251.722630914558, 95.3843976750495, -88.7433092377851, -98.572350006208, 
-88.1477453436904, -191.062631859627, -102.795660253853, -17.7089091541472, 
-210.310392450565, -476.007791147664, -415.899369386338, -229.294267437099, 
22.7554060996091, -1.18180368494528, -95.8341728543122, -204.345955609152, 
-312.511635070552, -351.003666044502, -213.145232664494, -86.3275832215298, 
6.96988179720355, 113.962893094669, -20.8866208669471, -131.915030170922, 
-224.991085843122, -611.989865580908, -563.396978796595, -409.65174206202, 
-223.785203257591, -65.1400840849794, 119.918633316203, 142.322820961683
), .Names = c("handle_A2", "handle_A3", "handle_A5", "handle_A6", 
"handle_A7", "handle_A8", "handle_A9", "handle_A10", "handle_A11", 
"handle_A12", "handle_A13", "handle_A15", "handle_A16", "handle_A17", 
"handle_A18", "handle_A19", "handle_A20", "handle_A21", "handle_A24", 
"handle_A25", "handle_A26", "handle_A27", "handle_A28", "handle_A29", 
"handle_A30", "handle_A32", "handle_A33", "handle_A36", "handle_A37", 
"handle_A38", "handle_A39", "handle_A40", "handle_A41", "handle_A42", 
"handle_A43", "handle_A45", "handle_A46", "handle_A47", "handle_A48", 
"handle_A49", "handle_A50", "handle_A51", "handle_A55", "handle_A56", 
"handle_A57", "handle_A58", "handle_A59", "node2", "node3", "node6", 
"node7", "node8", "node9", "node10", "node11", "node12", "node13", 
"node15", "node16", "node17", "node18", "node19", "node20", "node21", 
"node25", "node26", "node27", "node28", "node29", "node32", "node33", 
"node35", "node36", "node37", "node38", "node39", "node40", "node41", 
"node42", "node43", "node45", "node46", "node47", "node48", "node49", 
"node50", "node51", "node54", "node55", "node56", "node57", "node58", 
"node59", "node60"), class = "minsymvec"), overunderobj = structure(c(18, 
3, 23, 6, 29, 11, 27, 14, 21, 2, 20, 5, 26, 9, 28, 13, 22, 16
), .Dim = c(9L, 2L)), symobj = structure(list(Mver = structure(c(29, 
6, 25, 26, 12, 1, 4, 23, 22, 14), .Dim = c(5L, 2L)), xver = c(5, 
24, 30), Mhor = NULL, xhor = NULL, Mrot = NULL, exact_h = NULL, 
    exact_v = NULL, mcdonalds = FALSE, celtic = FALSE, reefknot = FALSE, 
    center_crossing = FALSE, indep = structure(c(FALSE, TRUE, 
    TRUE, FALSE, TRUE, TRUE, TRUE, TRUE, TRUE, TRUE, TRUE, TRUE, 
    TRUE, FALSE, TRUE, TRUE, TRUE, TRUE, TRUE, TRUE, TRUE, FALSE, 
    FALSE, TRUE, TRUE, TRUE, TRUE, TRUE, TRUE, TRUE, FALSE, TRUE, 
    TRUE, FALSE, FALSE, TRUE, TRUE, TRUE, TRUE, TRUE, TRUE, TRUE, 
    TRUE, FALSE, TRUE, TRUE, TRUE, TRUE, TRUE, TRUE, TRUE, FALSE, 
    FALSE, FALSE, TRUE, TRUE, TRUE, TRUE, TRUE, FALSE, FALSE, 
    TRUE, TRUE, FALSE, FALSE, TRUE, TRUE, TRUE, TRUE, TRUE, TRUE, 
    TRUE, TRUE, FALSE, TRUE, TRUE, TRUE, TRUE, TRUE, TRUE, TRUE, 
    FALSE, FALSE, FALSE, TRUE, TRUE, TRUE, TRUE, TRUE, FALSE, 
    FALSE, TRUE, TRUE, FALSE, TRUE, TRUE, TRUE, TRUE, TRUE, TRUE, 
    TRUE, TRUE, TRUE, FALSE, TRUE, TRUE, TRUE, TRUE, TRUE, TRUE, 
    TRUE, FALSE, FALSE, TRUE, TRUE, TRUE, TRUE, TRUE, TRUE, TRUE
    ), .Names = c("handle_A1", "handle_A2", "handle_A3", "handle_A4", 
    "handle_A5", "handle_A6", "handle_A7", "handle_A8", "handle_A9", 
    "handle_A10", "handle_A11", "handle_A12", "handle_A13", "handle_A14", 
    "handle_A15", "handle_A16", "handle_A17", "handle_A18", "handle_A19", 
    "handle_A20", "handle_A21", "handle_A22", "handle_A23", "handle_A24", 
    "handle_A25", "handle_A26", "handle_A27", "handle_A28", "handle_A29", 
    "handle_A30", "handle_A31", "handle_A32", "handle_A33", "handle_A34", 
    "handle_A35", "handle_A36", "handle_A37", "handle_A38", "handle_A39", 
    "handle_A40", "handle_A41", "handle_A42", "handle_A43", "handle_A44", 
    "handle_A45", "handle_A46", "handle_A47", "handle_A48", "handle_A49", 
    "handle_A50", "handle_A51", "handle_A52", "handle_A53", "handle_A54", 
    "handle_A55", "handle_A56", "handle_A57", "handle_A58", "handle_A59", 
    "handle_A60", "node1", "node2", "node3", "node4", "node5", 
    "node6", "node7", "node8", "node9", "node10", "node11", "node12", 
    "node13", "node14", "node15", "node16", "node17", "node18", 
    "node19", "node20", "node21", "node22", "node23", "node24", 
    "node25", "node26", "node27", "node28", "node29", "node30", 
    "node31", "node32", "node33", "node34", "node35", "node36", 
    "node37", "node38", "node39", "node40", "node41", "node42", 
    "node43", "node44", "node45", "node46", "node47", "node48", 
    "node49", "node50", "node51", "node52", "node53", "node54", 
    "node55", "node56", "node57", "node58", "node59", "node60"
    ))), .Names = c("Mver", "xver", "Mhor", "xhor", "Mrot", "exact_h", 
"exact_v", "mcdonalds", "celtic", "reefknot", "center_crossing", 
"indep"))), .Names = c("minsymvec", "overunderobj", "symobj"), class = "knot")
