`k9_19` <-	
structure(list(minsymvec = structure(c(172.373684292806, 49.7570827078705, 
-71.8123669997381, -196.427143505005, -307.38857518918, -149.101672712974, 
70.0825781608279, 321.116251964126, 378.509627332885, 240.404507154033, 
81.1722103784248, -91.0562292007905, -331.525497993569, -403.900768710729, 
-232.098516453067, -13.5552154182067, 41.4347484384177, 69.7419306139196, 
-15.2613617436136, -177.611445871709, -297.442528767883, -174.153771410582, 
-94.0982077406805, 51.922818468805, 199.839944466149, 233.509424365212, 
312.723363069827, -575.372333976912, -482.691176836503, -330.235200664391, 
-310.106581238726, -422.990522104591, -588.301947564733, -476.038253278667, 
-397.488376956512, -182.505719174, -122.649384148564, -82.042348064117, 
-85.3958719046018, -277.955580835142, -423.977385207469, -319.75795008477, 
-220.606790170807, -116.642427356381, 71.1884994910863, 155.05029921197, 
-115.386473434674, -170.515442558318, -84.5604996850227, 52.2295761124275, 
23.980994749309, -141.943084829657, -411.701332143919, 118.531906763192, 
2.00871053000532, -112.880200616073, -231.442737680286, -272.029007696966, 
-60.5005395615717, 170.076376587591, 365.404931055888, 328.869121107507, 
145.551473994027, -172.660460255953, -369.724917117084, -359.888588622083, 
-147.131020272449, 8.27183379984806, 47.7379928611434, 47.8542293051119, 
-46.7878913632865, -268.507291954052, -260.020383855923, -133.524271740127, 
-46.3016668735087, 100.00890876059, 229.152051412919, 252.121699368204, 
282.951977036116, -549.27015862839, -418.931965533318, -317.317592550683, 
-335.659833008394, -492.228201071159, -563.547938026455, -428.716497535614, 
-327.822915735972, -147.973559332374, -122.690442733247, -122.250592897513, 
-70.0561812543028, -143.343255315396, -335.038568366252, -409.43390566441, 
-284.840168028772, -198.940545671963, -43.5781593758878, 90.7307023739702, 
64.3664296179239, -141.894592279221, -142.736403927679, -28.4148326044576, 
50.7828717406129, -38.560417568356, -259.291245274463, -485.651392642703
), .Names = c("handle_A1", "handle_A2", "handle_A3", "handle_A4", 
"handle_A5", "handle_A6", "handle_A7", "handle_A8", "handle_A9", 
"handle_A10", "handle_A11", "handle_A12", "handle_A13", "handle_A14", 
"handle_A15", "handle_A16", "handle_A17", "handle_A18", "handle_A19", 
"handle_A20", "handle_A21", "handle_A22", "handle_A23", "handle_A24", 
"handle_A25", "handle_A26", "handle_A27", "handle_A28", "handle_A29", 
"handle_A30", "handle_A31", "handle_A32", "handle_A33", "handle_A34", 
"handle_A35", "handle_A36", "handle_A37", "handle_A39", "handle_A40", 
"handle_A41", "handle_A42", "handle_A43", "handle_A44", "handle_A45", 
"handle_A46", "handle_A47", "handle_A48", "handle_A49", "handle_A50", 
"handle_A51", "handle_A52", "handle_A53", "handle_A54", "node1", 
"node2", "node3", "node4", "node5", "node6", "node7", "node8", 
"node9", "node10", "node12", "node13", "node14", "node15", "node16", 
"node17", "node18", "node19", "node20", "node21", "node22", "node23", 
"node24", "node25", "node26", "node27", "node28", "node29", "node30", 
"node31", "node32", "node33", "node34", "node35", "node36", "node37", 
"node38", "node39", "node40", "node41", "node42", "node43", "node44", 
"node45", "node46", "node47", "node48", "node49", "node50", "node51", 
"node52", "node53", "node54"), class = "minsymvec"), overunderobj = structure(c(19, 
26, 8, 2, 16, 5, 11, 23, 13, 24, 10, 27, 7, 3, 15, 18, 12, 21
), .Dim = c(9L, 2L)), symobj = structure(list(Mver = NULL, xver = 11, 
    Mhor = NULL, xhor = NULL, Mrot = NULL, exact_h = NULL, exact_v = NULL, 
    mcdonalds = FALSE, celtic = FALSE, reefknot = FALSE, center_crossing = FALSE, 
    indep = structure(c(TRUE, TRUE, TRUE, TRUE, TRUE, TRUE, TRUE, 
    TRUE, TRUE, TRUE, TRUE, TRUE, TRUE, TRUE, TRUE, TRUE, TRUE, 
    TRUE, TRUE, TRUE, TRUE, TRUE, TRUE, TRUE, TRUE, TRUE, TRUE, 
    TRUE, TRUE, TRUE, TRUE, TRUE, TRUE, TRUE, TRUE, TRUE, TRUE, 
    FALSE, TRUE, TRUE, TRUE, TRUE, TRUE, TRUE, TRUE, TRUE, TRUE, 
    TRUE, TRUE, TRUE, TRUE, TRUE, TRUE, TRUE, TRUE, TRUE, TRUE, 
    TRUE, TRUE, TRUE, TRUE, TRUE, TRUE, TRUE, FALSE, TRUE, TRUE, 
    TRUE, TRUE, TRUE, TRUE, TRUE, TRUE, TRUE, TRUE, TRUE, TRUE, 
    TRUE, TRUE, TRUE, TRUE, TRUE, TRUE, TRUE, TRUE, TRUE, TRUE, 
    TRUE, TRUE, TRUE, TRUE, TRUE, TRUE, TRUE, TRUE, TRUE, TRUE, 
    TRUE, TRUE, TRUE, TRUE, TRUE, TRUE, TRUE, TRUE, TRUE, TRUE, 
    TRUE), .Names = c("handle_A1", "handle_A2", "handle_A3", 
    "handle_A4", "handle_A5", "handle_A6", "handle_A7", "handle_A8", 
    "handle_A9", "handle_A10", "handle_A11", "handle_A12", "handle_A13", 
    "handle_A14", "handle_A15", "handle_A16", "handle_A17", "handle_A18", 
    "handle_A19", "handle_A20", "handle_A21", "handle_A22", "handle_A23", 
    "handle_A24", "handle_A25", "handle_A26", "handle_A27", "handle_A28", 
    "handle_A29", "handle_A30", "handle_A31", "handle_A32", "handle_A33", 
    "handle_A34", "handle_A35", "handle_A36", "handle_A37", "handle_A38", 
    "handle_A39", "handle_A40", "handle_A41", "handle_A42", "handle_A43", 
    "handle_A44", "handle_A45", "handle_A46", "handle_A47", "handle_A48", 
    "handle_A49", "handle_A50", "handle_A51", "handle_A52", "handle_A53", 
    "handle_A54", "node1", "node2", "node3", "node4", "node5", 
    "node6", "node7", "node8", "node9", "node10", "node11", "node12", 
    "node13", "node14", "node15", "node16", "node17", "node18", 
    "node19", "node20", "node21", "node22", "node23", "node24", 
    "node25", "node26", "node27", "node28", "node29", "node30", 
    "node31", "node32", "node33", "node34", "node35", "node36", 
    "node37", "node38", "node39", "node40", "node41", "node42", 
    "node43", "node44", "node45", "node46", "node47", "node48", 
    "node49", "node50", "node51", "node52", "node53", "node54"
    ))), .Names = c("Mver", "xver", "Mhor", "xhor", "Mrot", "exact_h", 
"exact_v", "mcdonalds", "celtic", "reefknot", "center_crossing", 
"indep"))), .Names = c("minsymvec", "overunderobj", "symobj"), class = "knot")
