`k9_2` <- 
structure(list(minsymvec = structure(c(4.10435166165664, -179.214067702726, 
-203.181716545626, -330.703994789826, -345.656389110165, -209.538775220203, 
-30.3109137307419, -201.572301496779, -207.715753133719, -328.951784836314, 
-341.760104645059, -201.879983453082, -38.1719887807733, -412.501220357013, 
-426.119821205709, -280.834722945359, -81.4379754450889, 107.517831884374, 
151.926049856409, 435.040432291463, 383.543249734728, 142.215578623212, 
-71.9850418943737, -256.150704781042, -285.318800852481, 246.269203461146, 
-56.905730992572, -207.800789565228, -244.507200819356, -351.919163045397, 
-295.489954408521, -116.293569596116, -87.2772906712021, -226.657928865099, 
-244.79323458998, -348.240075773979, -285.954114369567, -101.856381955049, 
-34.415147609989, -432.069627308555, -368.091302051986, -179.302912252533, 
-16.7095662544297, 137.27681417169, 173.390979875411, 430.770913743238, 
289.826722652222, 34.7778162242517, -134.110534373444, -285.811202567299, 
-327.925434464454, 319.133518638559), .Names = c("handle_A6", 
"handle_A7", "handle_A8", "handle_A9", "handle_A10", "handle_A11", 
"handle_A13", "handle_A14", "handle_A15", "handle_A16", "handle_A17", 
"handle_A18", "handle_A25", "handle_A32", "handle_A33", "handle_A34", 
"handle_A35", "handle_A36", "handle_A37", "handle_A39", "handle_A40", 
"handle_A41", "handle_A42", "handle_A43", "handle_A44", "handle_A51", 
"node6", "node7", "node8", "node9", "node10", "node11", "node13", 
"node14", "node15", "node16", "node17", "node18", "node25", "node32", 
"node33", "node34", "node35", "node36", "node37", "node39", "node40", 
"node41", "node42", "node43", "node44", "node51"), class = "minsymvec"), 
    overunderobj = structure(c(2, 22, 5, 19, 8, 16, 11, 25, 13, 
    24, 3, 21, 6, 18, 9, 15, 12, 26), .Dim = c(9L, 2L)), symobj = structure(list(
        Mver = structure(c(13, 25, 14, 10, 11, 9, 15, 16, 8, 
        17, 18, 7, 6, 26, 12, 1, 23, 24, 22, 2, 3, 21, 4, 5, 
        20, 19), .Dim = c(13L, 2L)), xver = NULL, Mhor = NULL, 
        xhor = NULL, Mrot = NULL, mcdonalds = TRUE, celtic = FALSE, 
        indep = structure(c(FALSE, FALSE, FALSE, FALSE, FALSE, 
        TRUE, TRUE, TRUE, TRUE, TRUE, TRUE, FALSE, TRUE, TRUE, 
        TRUE, TRUE, TRUE, TRUE, FALSE, FALSE, FALSE, FALSE, FALSE, 
        FALSE, TRUE, FALSE, FALSE, FALSE, FALSE, FALSE, FALSE, 
        TRUE, TRUE, TRUE, TRUE, TRUE, TRUE, FALSE, TRUE, TRUE, 
        TRUE, TRUE, TRUE, TRUE, FALSE, FALSE, FALSE, FALSE, FALSE, 
        FALSE, TRUE, FALSE, FALSE, FALSE, FALSE, FALSE, FALSE, 
        TRUE, TRUE, TRUE, TRUE, TRUE, TRUE, FALSE, TRUE, TRUE, 
        TRUE, TRUE, TRUE, TRUE, FALSE, FALSE, FALSE, FALSE, FALSE, 
        FALSE, TRUE, FALSE, FALSE, FALSE, FALSE, FALSE, FALSE, 
        TRUE, TRUE, TRUE, TRUE, TRUE, TRUE, FALSE, TRUE, TRUE, 
        TRUE, TRUE, TRUE, TRUE, FALSE, FALSE, FALSE, FALSE, FALSE, 
        FALSE, TRUE, FALSE), .Names = c("handle_A1", "handle_A2", 
        "handle_A3", "handle_A4", "handle_A5", "handle_A6", "handle_A7", 
        "handle_A8", "handle_A9", "handle_A10", "handle_A11", 
        "handle_A12", "handle_A13", "handle_A14", "handle_A15", 
        "handle_A16", "handle_A17", "handle_A18", "handle_A19", 
        "handle_A20", "handle_A21", "handle_A22", "handle_A23", 
        "handle_A24", "handle_A25", "handle_A26", "handle_A27", 
        "handle_A28", "handle_A29", "handle_A30", "handle_A31", 
        "handle_A32", "handle_A33", "handle_A34", "handle_A35", 
        "handle_A36", "handle_A37", "handle_A38", "handle_A39", 
        "handle_A40", "handle_A41", "handle_A42", "handle_A43", 
        "handle_A44", "handle_A45", "handle_A46", "handle_A47", 
        "handle_A48", "handle_A49", "handle_A50", "handle_A51", 
        "handle_A52", "node1", "node2", "node3", "node4", "node5", 
        "node6", "node7", "node8", "node9", "node10", "node11", 
        "node12", "node13", "node14", "node15", "node16", "node17", 
        "node18", "node19", "node20", "node21", "node22", "node23", 
        "node24", "node25", "node26", "node27", "node28", "node29", 
        "node30", "node31", "node32", "node33", "node34", "node35", 
        "node36", "node37", "node38", "node39", "node40", "node41", 
        "node42", "node43", "node44", "node45", "node46", "node47", 
        "node48", "node49", "node50", "node51", "node52"))), .Names = c("Mver", 
    "xver", "Mhor", "xhor", "Mrot", "mcdonalds", "celtic", "indep"
    ))), .Names = c("minsymvec", "overunderobj", "symobj"), class = "knot")
