`k9_20` <-
structure(list(minsymvec = structure(c(175.352469972597, 143.381713518615, 
145.086676205818, 215.956344194783, 312.867307043679, 97.7033098308878, 
-214.242290106597, -207.42634771739, -149.714744780391, -59.3084732271158, 
64.9888482168657, 135.134936257022, 246.822249921645, 150.317397595113, 
25.3355774913161, -212.795224117149, -318.965016805025, -240.292513218503, 
-64.0400981860997, 140.413136829243, 347.871505499773, 410.34654971195, 
140.243650207523, 32.5742097590406, -98.182091197761, -191.359627200807, 
-148.83813066661, 100.258832620593, -32.7563272332234, -145.903231973271, 
-216.307698854712, -376.600445399931, -577.398580428745, -570.374069644298, 
-287.646013539766, -264.781007476316, -347.045766306877, -393.110024973215, 
-316.292414149683, -183.556788153796, -28.9989265222525, 64.8741462814385, 
39.6667260766121, -150.295797090688, -353.537983357346, -307.970169271318, 
-331.039772190124, -315.169367362637, 4.8877923573938, 127.657578764779, 
23.902898338461, -17.2828687706665, 67.7919440899744, 168.573743503892, 
139.787189963931, 168.387290932812, 248.324147139259, 256.258033059299, 
20.400022004206, -260.76304483112, -199.049104326802, -104.423298751335, 
-19.9974162812603, 101.548196298377, 167.452177017135, 226.160155327008, 
88.6340289714003, -53.7996046358274, -258.052790516505, -306.34400236081, 
-149.631029809006, 31.118317581186, 205.919443520189, 389.182751356395, 
318.127358491558, 87.7358148994877, -11.0386828631184, -131.7918348285, 
-187.873999432178, 41.5690213116645, -73.8947545591381, -178.182625096215, 
-259.4262973056, -460.957316983162, -583.708453587855, -449.846865669586, 
-284.213884382948, -292.030397743383, -370.959088792297, -365.864547600074, 
-264.581653698457, -106.23370701976, 3.57971980593354, 74.6745289214396, 
-20.7379659602867, -215.078391991488, -358.337769128382, -300.080521765901, 
-332.824749346867, -222.562016337232, 83.1970977580128, 89.5411241509369, 
0.713606254009145, 3.87382534441095, 115.814342136647, 252.125089003149
), .Names = c("handle_A1", "handle_A2", "handle_A3", "handle_A4", 
"handle_A5", "handle_A6", "handle_A7", "handle_A8", "handle_A9", 
"handle_A10", "handle_A11", "handle_A12", "handle_A13", "handle_A14", 
"handle_A15", "handle_A16", "handle_A17", "handle_A18", "handle_A19", 
"handle_A20", "handle_A21", "handle_A22", "handle_A23", "handle_A24", 
"handle_A25", "handle_A26", "handle_A27", "handle_A28", "handle_A29", 
"handle_A30", "handle_A31", "handle_A32", "handle_A33", "handle_A34", 
"handle_A35", "handle_A36", "handle_A37", "handle_A38", "handle_A39", 
"handle_A40", "handle_A41", "handle_A42", "handle_A43", "handle_A44", 
"handle_A45", "handle_A46", "handle_A47", "handle_A48", "handle_A49", 
"handle_A50", "handle_A51", "handle_A52", "handle_A53", "node1", 
"node2", "node3", "node4", "node5", "node6", "node7", "node8", 
"node9", "node10", "node11", "node12", "node13", "node14", "node15", 
"node16", "node17", "node18", "node19", "node20", "node21", "node22", 
"node23", "node24", "node25", "node26", "node28", "node29", "node30", 
"node31", "node32", "node33", "node34", "node35", "node36", "node37", 
"node38", "node39", "node40", "node41", "node42", "node43", "node44", 
"node45", "node46", "node47", "node48", "node49", "node50", "node51", 
"node52", "node53", "node54"), class = "minsymvec"), overunderobj = structure(c(1, 
14, 4, 21, 8, 19, 12, 16, 24, 23, 2, 13, 5, 18, 10, 20, 26, 15
), .Dim = c(9L, 2L)), symobj = structure(list(Mver = NULL, xver = 27, 
    Mhor = NULL, xhor = NULL, Mrot = NULL, exact_h = NULL, exact_v = NULL, 
    mcdonalds = FALSE, celtic = FALSE, reefknot = FALSE, center_crossing = FALSE, 
    indep = structure(c(TRUE, TRUE, TRUE, TRUE, TRUE, TRUE, TRUE, 
    TRUE, TRUE, TRUE, TRUE, TRUE, TRUE, TRUE, TRUE, TRUE, TRUE, 
    TRUE, TRUE, TRUE, TRUE, TRUE, TRUE, TRUE, TRUE, TRUE, TRUE, 
    TRUE, TRUE, TRUE, TRUE, TRUE, TRUE, TRUE, TRUE, TRUE, TRUE, 
    TRUE, TRUE, TRUE, TRUE, TRUE, TRUE, TRUE, TRUE, TRUE, TRUE, 
    TRUE, TRUE, TRUE, TRUE, TRUE, TRUE, FALSE, TRUE, TRUE, TRUE, 
    TRUE, TRUE, TRUE, TRUE, TRUE, TRUE, TRUE, TRUE, TRUE, TRUE, 
    TRUE, TRUE, TRUE, TRUE, TRUE, TRUE, TRUE, TRUE, TRUE, TRUE, 
    TRUE, TRUE, TRUE, FALSE, TRUE, TRUE, TRUE, TRUE, TRUE, TRUE, 
    TRUE, TRUE, TRUE, TRUE, TRUE, TRUE, TRUE, TRUE, TRUE, TRUE, 
    TRUE, TRUE, TRUE, TRUE, TRUE, TRUE, TRUE, TRUE, TRUE, TRUE, 
    TRUE), .Names = c("handle_A1", "handle_A2", "handle_A3", 
    "handle_A4", "handle_A5", "handle_A6", "handle_A7", "handle_A8", 
    "handle_A9", "handle_A10", "handle_A11", "handle_A12", "handle_A13", 
    "handle_A14", "handle_A15", "handle_A16", "handle_A17", "handle_A18", 
    "handle_A19", "handle_A20", "handle_A21", "handle_A22", "handle_A23", 
    "handle_A24", "handle_A25", "handle_A26", "handle_A27", "handle_A28", 
    "handle_A29", "handle_A30", "handle_A31", "handle_A32", "handle_A33", 
    "handle_A34", "handle_A35", "handle_A36", "handle_A37", "handle_A38", 
    "handle_A39", "handle_A40", "handle_A41", "handle_A42", "handle_A43", 
    "handle_A44", "handle_A45", "handle_A46", "handle_A47", "handle_A48", 
    "handle_A49", "handle_A50", "handle_A51", "handle_A52", "handle_A53", 
    "handle_A54", "node1", "node2", "node3", "node4", "node5", 
    "node6", "node7", "node8", "node9", "node10", "node11", "node12", 
    "node13", "node14", "node15", "node16", "node17", "node18", 
    "node19", "node20", "node21", "node22", "node23", "node24", 
    "node25", "node26", "node27", "node28", "node29", "node30", 
    "node31", "node32", "node33", "node34", "node35", "node36", 
    "node37", "node38", "node39", "node40", "node41", "node42", 
    "node43", "node44", "node45", "node46", "node47", "node48", 
    "node49", "node50", "node51", "node52", "node53", "node54"
    ))), .Names = c("Mver", "xver", "Mhor", "xhor", "Mrot", "exact_h", 
"exact_v", "mcdonalds", "celtic", "reefknot", "center_crossing", 
"indep"))), .Names = c("minsymvec", "overunderobj", "symobj"), class = "knot")
