`k9_20` <- 
structure(list(minsymvec = structure(c(172.349785730377, 148.541448539274, 
154.841891842273, 216.671692812483, 310.251998632834, 98.0154636242037, 
-214.623338493302, -214.028396127727, -151.069139167993, -54.5746860684064, 
62.3363995812056, 144.499855613185, 238.917814549104, 150.958342458812, 
20.7441410685886, -212.764910570218, -320.341770205774, -239.434770956898, 
-58.7340122615178, 142.21831061948, 346.033760396445, 410.981140854313, 
140.004481868743, 25.790990522264, -97.5654772792753, -193.618101756039, 
-148.449662145406, 99.7493030415212, -37.9420557841832, -141.20367236744, 
-218.788977425, -376.089128628368, -577.943028976942, -571.353373878714, 
-288.969038479089, -271.149437118023, -344.049535793168, -383.046761021148, 
-319.924998070851, -177.88385028726, -23.7679661186427, 61.2463626211803, 
39.9873726731572, -149.578953897786, -350.264057973402, -315.281640786615, 
-333.874302424853, -314.087304749601, 9.43476930754057, 124.884403772104, 
28.0654176992944, -16.0598278792243, 66.7389954005797, 166.790324463885, 
147.913965755891, 174.012363997758, 247.169480992798, 255.422344058109, 
19.8847109929897, -260.423252641099, -199.051440634264, -109.035827590184, 
-15.921040167251, 95.2439095950935, 173.973662771779, 220.76254781348, 
95.0209300321909, -55.9662878539029, -258.835348029653, -307.135782498827, 
-154.381670477859, 31.8874754263981, 204.454362063061, 390.021948266442, 
317.395775406763, 90.2083146616336, -15.3421016522991, -132.840253213868, 
-189.767586572656, 42.0134374401094, -76.428191363869, -171.145255223472, 
-260.563967109633, -461.632030038438, -585.054899713584, -449.090469826184, 
-283.916448312923, -294.885592098807, -364.03196119728, -365.167212272895, 
-273.381839203074, -110.268479510765, 6.42647245987329, 70.8302802307175, 
-20.4668361458437, -216.873018367439, -351.832134636086, -311.791408710472, 
-335.212858909126, -221.243699920729, 81.4357823655327, 89.7803073574875, 
6.54658831643732, 3.42759433362895, 115.813430820135, 252.593133722055
), .Names = c("handle_A1", "handle_A2", "handle_A3", "handle_A4", 
"handle_A5", "handle_A6", "handle_A7", "handle_A8", "handle_A9", 
"handle_A10", "handle_A11", "handle_A12", "handle_A13", "handle_A14", 
"handle_A15", "handle_A16", "handle_A17", "handle_A18", "handle_A19", 
"handle_A20", "handle_A21", "handle_A22", "handle_A23", "handle_A24", 
"handle_A25", "handle_A26", "handle_A27", "handle_A28", "handle_A29", 
"handle_A30", "handle_A31", "handle_A32", "handle_A33", "handle_A34", 
"handle_A35", "handle_A36", "handle_A37", "handle_A38", "handle_A39", 
"handle_A40", "handle_A41", "handle_A42", "handle_A43", "handle_A44", 
"handle_A45", "handle_A46", "handle_A47", "handle_A48", "handle_A49", 
"handle_A50", "handle_A51", "handle_A52", "handle_A53", "node1", 
"node2", "node3", "node4", "node5", "node6", "node7", "node8", 
"node9", "node10", "node11", "node12", "node13", "node14", "node15", 
"node16", "node17", "node18", "node19", "node20", "node21", "node22", 
"node23", "node24", "node25", "node26", "node28", "node29", "node30", 
"node31", "node32", "node33", "node34", "node35", "node36", "node37", 
"node38", "node39", "node40", "node41", "node42", "node43", "node44", 
"node45", "node46", "node47", "node48", "node49", "node50", "node51", 
"node52", "node53", "node54"), class = "minsymvec"), overunderobj = structure(c(1, 
14, 4, 21, 8, 19, 12, 16, 24, 23, 2, 13, 5, 18, 10, 20, 26, 15
), .Dim = c(9L, 2L)), symobj = structure(list(Mver = NULL, xver = 27, 
    Mhor = NULL, xhor = NULL, Mrot = NULL, exact_h = NULL, exact_v = NULL, 
    mcdonalds = FALSE, celtic = FALSE, reefknot = FALSE, center_crossing = FALSE, 
    indep = structure(c(TRUE, TRUE, TRUE, TRUE, TRUE, TRUE, TRUE, 
    TRUE, TRUE, TRUE, TRUE, TRUE, TRUE, TRUE, TRUE, TRUE, TRUE, 
    TRUE, TRUE, TRUE, TRUE, TRUE, TRUE, TRUE, TRUE, TRUE, TRUE, 
    TRUE, TRUE, TRUE, TRUE, TRUE, TRUE, TRUE, TRUE, TRUE, TRUE, 
    TRUE, TRUE, TRUE, TRUE, TRUE, TRUE, TRUE, TRUE, TRUE, TRUE, 
    TRUE, TRUE, TRUE, TRUE, TRUE, TRUE, FALSE, TRUE, TRUE, TRUE, 
    TRUE, TRUE, TRUE, TRUE, TRUE, TRUE, TRUE, TRUE, TRUE, TRUE, 
    TRUE, TRUE, TRUE, TRUE, TRUE, TRUE, TRUE, TRUE, TRUE, TRUE, 
    TRUE, TRUE, TRUE, FALSE, TRUE, TRUE, TRUE, TRUE, TRUE, TRUE, 
    TRUE, TRUE, TRUE, TRUE, TRUE, TRUE, TRUE, TRUE, TRUE, TRUE, 
    TRUE, TRUE, TRUE, TRUE, TRUE, TRUE, TRUE, TRUE, TRUE, TRUE, 
    TRUE), .Names = c("handle_A1", "handle_A2", "handle_A3", 
    "handle_A4", "handle_A5", "handle_A6", "handle_A7", "handle_A8", 
    "handle_A9", "handle_A10", "handle_A11", "handle_A12", "handle_A13", 
    "handle_A14", "handle_A15", "handle_A16", "handle_A17", "handle_A18", 
    "handle_A19", "handle_A20", "handle_A21", "handle_A22", "handle_A23", 
    "handle_A24", "handle_A25", "handle_A26", "handle_A27", "handle_A28", 
    "handle_A29", "handle_A30", "handle_A31", "handle_A32", "handle_A33", 
    "handle_A34", "handle_A35", "handle_A36", "handle_A37", "handle_A38", 
    "handle_A39", "handle_A40", "handle_A41", "handle_A42", "handle_A43", 
    "handle_A44", "handle_A45", "handle_A46", "handle_A47", "handle_A48", 
    "handle_A49", "handle_A50", "handle_A51", "handle_A52", "handle_A53", 
    "handle_A54", "node1", "node2", "node3", "node4", "node5", 
    "node6", "node7", "node8", "node9", "node10", "node11", "node12", 
    "node13", "node14", "node15", "node16", "node17", "node18", 
    "node19", "node20", "node21", "node22", "node23", "node24", 
    "node25", "node26", "node27", "node28", "node29", "node30", 
    "node31", "node32", "node33", "node34", "node35", "node36", 
    "node37", "node38", "node39", "node40", "node41", "node42", 
    "node43", "node44", "node45", "node46", "node47", "node48", 
    "node49", "node50", "node51", "node52", "node53", "node54"
    ))), .Names = c("Mver", "xver", "Mhor", "xhor", "Mrot", "exact_h", 
"exact_v", "mcdonalds", "celtic", "reefknot", "center_crossing", 
"indep"))), .Names = c("minsymvec", "overunderobj", "symobj"), class = "knot")
