`k9_20` <-	
structure(list(minsymvec = structure(c(153.016390787392, 112.962765503256, 
111.302902273771, 181.855844273111, 277.714426971971, 75.4133282994536, 
-248.408431201274, -241.182471764976, -183.610181720405, -93.7413101863374, 
31.229310859641, 101.292509001407, 211.847875153831, 119.704153249874, 
-3.41056102693488, -244.57539860638, -355.346299142433, -273.975797160099, 
-98.0846179790071, 106.391635445056, 315.32737093953, 372.91709969361, 
117.769118849382, 5.04358464834208, -131.272560698653, -221.19379075468, 
-140.478968125214, 108.661599267994, -21.9089167744651, -132.310467754321, 
-203.629510143721, -362.394555112498, -563.77905330691, -559.094359539112, 
-274.702892443268, -252.007184109734, -334.306417865412, -381.079351521658, 
-304.056884723233, -171.839443655862, -15.966478442839, 77.6135234510372, 
54.7062105168865, -134.187976920956, -341.3409862611, -295.246871633928, 
-318.874578918191, -302.123671805662, 17.0542919785172, 141.693518583708, 
36.0308095138457, -1.24567759065668, 80.2202741275029, 142.19906481909, 
108.247067871089, 134.501200024659, 214.56565596967, 226.054425448639, 
-7.6057895614242, -294.83321104135, -232.837124285748, -138.508862543784, 
-54.2842135230293, 67.7381326549624, 133.593764588367, 193.254487661858, 
59.1123967468558, -82.7104170107948, -291.203990197, -342.425641605661, 
-183.551701169685, -2.79158631314472, 171.85540522819, 356.424954761909, 
288.818947257601, 61.9542219511216, -41.7619442606592, -159.395483864441, 
-208.676265390543, 51.5127940110455, -61.4888209847703, -165.249449576056, 
-247.169039420248, -444.419517841461, -571.934505361226, -437.736218456744, 
-271.298266318773, -279.272383260216, -358.680560757238, -353.766525414692, 
-252.135676428008, -95.7240977682871, 16.8116334934793, 87.3264290301682, 
-4.60817382270519, -201.053719544208, -345.685203310801, -287.737679485938, 
-320.498159395724, -207.095664654673, 90.576690659333, 103.394133468718, 
12.2777307247364, 17.4495202640915, 138.680230600512, 263.941818295343
), .Names = c("handle_A1", "handle_A2", "handle_A3", "handle_A4", 
"handle_A5", "handle_A6", "handle_A7", "handle_A8", "handle_A9", 
"handle_A10", "handle_A11", "handle_A12", "handle_A13", "handle_A14", 
"handle_A15", "handle_A16", "handle_A17", "handle_A18", "handle_A19", 
"handle_A20", "handle_A21", "handle_A22", "handle_A23", "handle_A24", 
"handle_A25", "handle_A26", "handle_A27", "handle_A28", "handle_A29", 
"handle_A30", "handle_A31", "handle_A32", "handle_A33", "handle_A34", 
"handle_A35", "handle_A36", "handle_A37", "handle_A38", "handle_A39", 
"handle_A40", "handle_A41", "handle_A42", "handle_A43", "handle_A44", 
"handle_A45", "handle_A46", "handle_A47", "handle_A48", "handle_A49", 
"handle_A50", "handle_A51", "handle_A52", "handle_A53", "node1", 
"node2", "node3", "node4", "node5", "node6", "node7", "node8", 
"node9", "node10", "node11", "node12", "node13", "node14", "node15", 
"node16", "node17", "node18", "node19", "node20", "node21", "node22", 
"node23", "node24", "node25", "node26", "node28", "node29", "node30", 
"node31", "node32", "node33", "node34", "node35", "node36", "node37", 
"node38", "node39", "node40", "node41", "node42", "node43", "node44", 
"node45", "node46", "node47", "node48", "node49", "node50", "node51", 
"node52", "node53", "node54"), class = "minsymvec"), overunderobj = structure(c(1, 
14, 4, 21, 8, 19, 12, 16, 24, 23, 2, 13, 5, 18, 10, 20, 26, 15
), .Dim = c(9L, 2L)), symobj = structure(list(Mver = NULL, xver = 27, 
    Mhor = NULL, xhor = NULL, Mrot = NULL, exact_h = NULL, exact_v = NULL, 
    mcdonalds = FALSE, celtic = FALSE, reefknot = FALSE, center_crossing = FALSE, 
    indep = structure(c(TRUE, TRUE, TRUE, TRUE, TRUE, TRUE, TRUE, 
    TRUE, TRUE, TRUE, TRUE, TRUE, TRUE, TRUE, TRUE, TRUE, TRUE, 
    TRUE, TRUE, TRUE, TRUE, TRUE, TRUE, TRUE, TRUE, TRUE, TRUE, 
    TRUE, TRUE, TRUE, TRUE, TRUE, TRUE, TRUE, TRUE, TRUE, TRUE, 
    TRUE, TRUE, TRUE, TRUE, TRUE, TRUE, TRUE, TRUE, TRUE, TRUE, 
    TRUE, TRUE, TRUE, TRUE, TRUE, TRUE, FALSE, TRUE, TRUE, TRUE, 
    TRUE, TRUE, TRUE, TRUE, TRUE, TRUE, TRUE, TRUE, TRUE, TRUE, 
    TRUE, TRUE, TRUE, TRUE, TRUE, TRUE, TRUE, TRUE, TRUE, TRUE, 
    TRUE, TRUE, TRUE, FALSE, TRUE, TRUE, TRUE, TRUE, TRUE, TRUE, 
    TRUE, TRUE, TRUE, TRUE, TRUE, TRUE, TRUE, TRUE, TRUE, TRUE, 
    TRUE, TRUE, TRUE, TRUE, TRUE, TRUE, TRUE, TRUE, TRUE, TRUE, 
    TRUE), .Names = c("handle_A1", "handle_A2", "handle_A3", 
    "handle_A4", "handle_A5", "handle_A6", "handle_A7", "handle_A8", 
    "handle_A9", "handle_A10", "handle_A11", "handle_A12", "handle_A13", 
    "handle_A14", "handle_A15", "handle_A16", "handle_A17", "handle_A18", 
    "handle_A19", "handle_A20", "handle_A21", "handle_A22", "handle_A23", 
    "handle_A24", "handle_A25", "handle_A26", "handle_A27", "handle_A28", 
    "handle_A29", "handle_A30", "handle_A31", "handle_A32", "handle_A33", 
    "handle_A34", "handle_A35", "handle_A36", "handle_A37", "handle_A38", 
    "handle_A39", "handle_A40", "handle_A41", "handle_A42", "handle_A43", 
    "handle_A44", "handle_A45", "handle_A46", "handle_A47", "handle_A48", 
    "handle_A49", "handle_A50", "handle_A51", "handle_A52", "handle_A53", 
    "handle_A54", "node1", "node2", "node3", "node4", "node5", 
    "node6", "node7", "node8", "node9", "node10", "node11", "node12", 
    "node13", "node14", "node15", "node16", "node17", "node18", 
    "node19", "node20", "node21", "node22", "node23", "node24", 
    "node25", "node26", "node27", "node28", "node29", "node30", 
    "node31", "node32", "node33", "node34", "node35", "node36", 
    "node37", "node38", "node39", "node40", "node41", "node42", 
    "node43", "node44", "node45", "node46", "node47", "node48", 
    "node49", "node50", "node51", "node52", "node53", "node54"
    ))), .Names = c("Mver", "xver", "Mhor", "xhor", "Mrot", "exact_h", 
"exact_v", "mcdonalds", "celtic", "reefknot", "center_crossing", 
"indep"))), .Names = c("minsymvec", "overunderobj", "symobj"), class = "knot")
