`k9_21` <-	
structure(list(minsymvec = structure(c(94.6020911332424, 215.940271456254, 
218.056771121726, 192.235180203208, 88.2185145320474, -142.708876046775, 
-308.396389677927, -387.943665008048, -282.908304897526, -104.912827659765, 
75.0442822482218, 256.797314249452, 387.425683222652, 329.054239637953, 
230.191098711531, 88.5683431687753, -101.83724018615, -42.590886608181, 
98.1849759847509, 271.870991465568, 422.333597253931, 345.161332177122, 
184.906584264574, 70.9727115202458, -33.6073232276204, -111.195951645996, 
-219.732969735799, -340.979497362137, -34.0984213944772, -21.5544061517622, 
-216.067763751891, -252.193716008764, -358.914848202821, -556.567310536152, 
-666.273078734198, -642.735360527742, -347.124661289658, -231.665981096416, 
-326.069449864651, -256.329170161399, -153.76308488634, -261.508989290821, 
-433.366698034272, -643.032398996668, -771.788629028385, -619.445344974871, 
-507.180770256276, -532.409046144533, -638.130714134054, -547.852675218501, 
-413.213273718745, -336.687881974186, -255.063335117479, -234.527599015211, 
-298.126993657384, -336.498364084951, -193.597069567553, 152.691896862444, 
216.455164534374, 213.156164950591, 138.162886414578, 9.37144711488135, 
-176.996572459018, -366.757525644654, -365.457988456363, -192.935164311652, 
-16.7558316351878, 136.431435517269, 304.732508935908, 379.236039303878, 
282.671761174869, 195.227787970822, -6.19748415086795, -89.6879530272337, 
13.8978562580949, 163.952926320671, 330.093314134062, 405.132794180669, 
281.632474637722, 132.997210771961, 35.2698031676799, -69.9453243672997, 
-144.684642422318, -254.294780295735, -253.679441030457, -76.6449524482843, 
-224.515309628492, -281.84587803261, -446.204187728642, -609.702493385385, 
-663.020617038349, -535.342438748233, -315.523475708671, -247.986943586642, 
-318.694160648326, -206.860677383284, -179.296509231203, -331.197498883112, 
-523.188462869085, -681.142660833729, -740.117124009065, -581.987265359656, 
-506.256541486752, -570.851041371094, -622.105874934281, -488.847143569448, 
-378.370645013182, -305.352298355049, -243.736498046979, -255.315662115102, 
-317.513763428155, -309.980887603089, -103.071742463416, -13.0273940974033
), .Names = c("handle_A1", "handle_A2", "handle_A3", "handle_A4", 
"handle_A5", "handle_A6", "handle_A7", "handle_A8", "handle_A9", 
"handle_A10", "handle_A11", "handle_A12", "handle_A13", "handle_A14", 
"handle_A15", "handle_A16", "handle_A17", "handle_A18", "handle_A19", 
"handle_A20", "handle_A21", "handle_A22", "handle_A23", "handle_A24", 
"handle_A25", "handle_A26", "handle_A27", "handle_A28", "handle_A29", 
"handle_A30", "handle_A31", "handle_A32", "handle_A33", "handle_A34", 
"handle_A35", "handle_A36", "handle_A37", "handle_A38", "handle_A39", 
"handle_A40", "handle_A41", "handle_A42", "handle_A43", "handle_A44", 
"handle_A45", "handle_A46", "handle_A47", "handle_A48", "handle_A49", 
"handle_A50", "handle_A51", "handle_A52", "handle_A53", "handle_A54", 
"handle_A55", "handle_A56", "handle_A57", "node1", "node2", "node3", 
"node4", "node5", "node6", "node7", "node8", "node9", "node10", 
"node11", "node12", "node13", "node14", "node15", "node16", "node17", 
"node18", "node19", "node20", "node21", "node22", "node23", "node24", 
"node25", "node26", "node27", "node28", "node30", "node31", "node32", 
"node33", "node34", "node35", "node36", "node37", "node38", "node39", 
"node40", "node41", "node42", "node43", "node44", "node45", "node46", 
"node47", "node48", "node49", "node50", "node51", "node52", "node53", 
"node54", "node55", "node56", "node57", "node58"), class = "minsymvec"), 
    overunderobj = structure(c(2, 23, 5, 17, 9, 26, 11, 14, 20, 
    12, 4, 19, 6, 28, 10, 24, 22, 15), .Dim = c(9L, 2L)), symobj = structure(list(
        Mver = NULL, xver = 29, Mhor = NULL, xhor = NULL, Mrot = NULL, 
        exact_h = NULL, exact_v = NULL, mcdonalds = FALSE, celtic = FALSE, 
        reefknot = FALSE, center_crossing = FALSE, indep = structure(c(TRUE, 
        TRUE, TRUE, TRUE, TRUE, TRUE, TRUE, TRUE, TRUE, TRUE, 
        TRUE, TRUE, TRUE, TRUE, TRUE, TRUE, TRUE, TRUE, TRUE, 
        TRUE, TRUE, TRUE, TRUE, TRUE, TRUE, TRUE, TRUE, TRUE, 
        TRUE, TRUE, TRUE, TRUE, TRUE, TRUE, TRUE, TRUE, TRUE, 
        TRUE, TRUE, TRUE, TRUE, TRUE, TRUE, TRUE, TRUE, TRUE, 
        TRUE, TRUE, TRUE, TRUE, TRUE, TRUE, TRUE, TRUE, TRUE, 
        TRUE, TRUE, FALSE, TRUE, TRUE, TRUE, TRUE, TRUE, TRUE, 
        TRUE, TRUE, TRUE, TRUE, TRUE, TRUE, TRUE, TRUE, TRUE, 
        TRUE, TRUE, TRUE, TRUE, TRUE, TRUE, TRUE, TRUE, TRUE, 
        TRUE, TRUE, TRUE, TRUE, FALSE, TRUE, TRUE, TRUE, TRUE, 
        TRUE, TRUE, TRUE, TRUE, TRUE, TRUE, TRUE, TRUE, TRUE, 
        TRUE, TRUE, TRUE, TRUE, TRUE, TRUE, TRUE, TRUE, TRUE, 
        TRUE, TRUE, TRUE, TRUE, TRUE, TRUE, TRUE), .Names = c("handle_A1", 
        "handle_A2", "handle_A3", "handle_A4", "handle_A5", "handle_A6", 
        "handle_A7", "handle_A8", "handle_A9", "handle_A10", 
        "handle_A11", "handle_A12", "handle_A13", "handle_A14", 
        "handle_A15", "handle_A16", "handle_A17", "handle_A18", 
        "handle_A19", "handle_A20", "handle_A21", "handle_A22", 
        "handle_A23", "handle_A24", "handle_A25", "handle_A26", 
        "handle_A27", "handle_A28", "handle_A29", "handle_A30", 
        "handle_A31", "handle_A32", "handle_A33", "handle_A34", 
        "handle_A35", "handle_A36", "handle_A37", "handle_A38", 
        "handle_A39", "handle_A40", "handle_A41", "handle_A42", 
        "handle_A43", "handle_A44", "handle_A45", "handle_A46", 
        "handle_A47", "handle_A48", "handle_A49", "handle_A50", 
        "handle_A51", "handle_A52", "handle_A53", "handle_A54", 
        "handle_A55", "handle_A56", "handle_A57", "handle_A58", 
        "node1", "node2", "node3", "node4", "node5", "node6", 
        "node7", "node8", "node9", "node10", "node11", "node12", 
        "node13", "node14", "node15", "node16", "node17", "node18", 
        "node19", "node20", "node21", "node22", "node23", "node24", 
        "node25", "node26", "node27", "node28", "node29", "node30", 
        "node31", "node32", "node33", "node34", "node35", "node36", 
        "node37", "node38", "node39", "node40", "node41", "node42", 
        "node43", "node44", "node45", "node46", "node47", "node48", 
        "node49", "node50", "node51", "node52", "node53", "node54", 
        "node55", "node56", "node57", "node58"))), .Names = c("Mver", 
    "xver", "Mhor", "xhor", "Mrot", "exact_h", "exact_v", "mcdonalds", 
    "celtic", "reefknot", "center_crossing", "indep"))), .Names = c("minsymvec", 
"overunderobj", "symobj"), class = "knot")
