`k9_22` <- 
structure(list(minsymvec = structure(c(6.88495489477894, 123.653085344409, 
143.657830932493, 172.218760765884, 39.0711749907966, -115.453153925271, 
-244.988013265761, -408.961747006697, -533.940636244471, -360.094971482873, 
-210.604463883529, -29.3735954503638, 46.2592558819302, 72.2626993514523, 
-12.934021164898, -48.9323391608081, -25.9127587826629, 226.589863984169, 
304.203754176919, 249.684984233114, -52.5845748326217, -64.7948702495355, 
-62.3667658063932, -47.1417561815285, 10.6475673385436, 15.670033358127, 
-5.20947533391416, -154.969520726092, -347.617921707094, -399.365163792718, 
-337.112091548858, -211.168533954967, 83.3277379621302, -84.7795854360538, 
-170.065896937067, -378.524049683616, -512.943894002915, -384.610306357466, 
-105.502210618767, 18.7749147613464, -136.763315409644, -201.379542513278, 
-107.938245920317, -44.1290307523449, -100.511145864046, -176.068524103519, 
-265.169816415453, -343.9816405565, -354.273876693756, -84.6679193268947, 
114.284032628205, 73.9534692590324, 38.7113068784029, -49.0173839368089, 
-82.5904100994048, -183.81152804684, -271.787628295087, -331.462219075309, 
-430.517030272356, -313.028999197589, -197.016425346791, 37.3087471572131, 
146.576265506045, 56.3593222290417, 131.330710663616, 149.543177163179, 
141.340631801354, -34.2329052699658, -161.457710376995, -291.62087583138, 
-471.560057007107, -481.663359374811, -307.156781415884, -150.775223561899, 
53.4542276441954, 43.0608777129271, -33.7648983223737, -46.278625155998, 
67.6835246475692, 276.541244739257, 297.435592058366, 119.860920210317, 
-56.1572399939704, -66.6174142233767, -46.2358382600575, -27.5642552350771, 
16.9298330950688, 12.8348046914734, -53.8532964128635, -232.145855467768, 
-360.328314988755, -385.85474662524, -303.805876031473, -132.800884944627, 
27.619141421343, -114.625100118565, -258.42492617227, -430.124395889846, 
-478.927402111113, -272.171138607156, -60.7236296418963, -18.4811998628078, 
-177.321134451988, -172.964481391449, -70.6804380938557, -26.3553273215076, 
-56.6044468301264, -137.086988357731, -207.082556850531, -274.916906516151, 
-350.683238546603, -269.395203092424, -58.2114067772771, 154.117778155687, 
63.8986087732463, 14.0061606487948, -84.5880564091224, -125.761062138364, 
-216.120319148524, -280.134455740921, -366.648914099856, -403.982156875076, 
-287.516977705818, -106.400202763449, 71.0405700787586, 144.978368181741
), .Names = c("handle_A1", "handle_A2", "handle_A3", "handle_A4", 
"handle_A5", "handle_A6", "handle_A7", "handle_A8", "handle_A9", 
"handle_A10", "handle_A11", "handle_A12", "handle_A13", "handle_A14", 
"handle_A15", "handle_A16", "handle_A17", "handle_A18", "handle_A19", 
"handle_A20", "handle_A21", "handle_A22", "handle_A23", "handle_A24", 
"handle_A25", "handle_A26", "handle_A27", "handle_A28", "handle_A29", 
"handle_A30", "handle_A31", "handle_A32", "handle_A33", "handle_A34", 
"handle_A35", "handle_A36", "handle_A37", "handle_A38", "handle_A39", 
"handle_A40", "handle_A41", "handle_A42", "handle_A43", "handle_A45", 
"handle_A46", "handle_A47", "handle_A48", "handle_A49", "handle_A50", 
"handle_A51", "handle_A52", "handle_A53", "handle_A54", "handle_A55", 
"handle_A56", "handle_A57", "handle_A58", "handle_A59", "handle_A60", 
"handle_A61", "handle_A62", "handle_A63", "handle_A64", "node1", 
"node2", "node3", "node4", "node5", "node6", "node7", "node8", 
"node9", "node10", "node11", "node13", "node14", "node15", "node16", 
"node17", "node18", "node19", "node20", "node21", "node22", "node23", 
"node24", "node25", "node26", "node27", "node28", "node29", "node30", 
"node31", "node32", "node33", "node34", "node35", "node36", "node37", 
"node38", "node39", "node40", "node41", "node42", "node43", "node44", 
"node45", "node46", "node47", "node48", "node49", "node50", "node51", 
"node52", "node53", "node54", "node55", "node56", "node57", "node58", 
"node59", "node60", "node61", "node62", "node63", "node64"), class = "minsymvec"), 
    overunderobj = structure(c(1, 16, 5, 10, 7, 26, 19, 13, 23, 
    18, 3, 24, 6, 27, 9, 11, 21, 15), .Dim = c(9L, 2L)), symobj = structure(list(
        Mver = NULL, xver = 12, Mhor = NULL, xhor = NULL, Mrot = NULL, 
        exact_h = NULL, exact_v = NULL, mcdonalds = FALSE, celtic = FALSE, 
        reefknot = FALSE, center_crossing = FALSE, indep = structure(c(TRUE, 
        TRUE, TRUE, TRUE, TRUE, TRUE, TRUE, TRUE, TRUE, TRUE, 
        TRUE, TRUE, TRUE, TRUE, TRUE, TRUE, TRUE, TRUE, TRUE, 
        TRUE, TRUE, TRUE, TRUE, TRUE, TRUE, TRUE, TRUE, TRUE, 
        TRUE, TRUE, TRUE, TRUE, TRUE, TRUE, TRUE, TRUE, TRUE, 
        TRUE, TRUE, TRUE, TRUE, TRUE, TRUE, FALSE, TRUE, TRUE, 
        TRUE, TRUE, TRUE, TRUE, TRUE, TRUE, TRUE, TRUE, TRUE, 
        TRUE, TRUE, TRUE, TRUE, TRUE, TRUE, TRUE, TRUE, TRUE, 
        TRUE, TRUE, TRUE, TRUE, TRUE, TRUE, TRUE, TRUE, TRUE, 
        TRUE, TRUE, FALSE, TRUE, TRUE, TRUE, TRUE, TRUE, TRUE, 
        TRUE, TRUE, TRUE, TRUE, TRUE, TRUE, TRUE, TRUE, TRUE, 
        TRUE, TRUE, TRUE, TRUE, TRUE, TRUE, TRUE, TRUE, TRUE, 
        TRUE, TRUE, TRUE, TRUE, TRUE, TRUE, TRUE, TRUE, TRUE, 
        TRUE, TRUE, TRUE, TRUE, TRUE, TRUE, TRUE, TRUE, TRUE, 
        TRUE, TRUE, TRUE, TRUE, TRUE, TRUE, TRUE, TRUE, TRUE, 
        TRUE), .Names = c("handle_A1", "handle_A2", "handle_A3", 
        "handle_A4", "handle_A5", "handle_A6", "handle_A7", "handle_A8", 
        "handle_A9", "handle_A10", "handle_A11", "handle_A12", 
        "handle_A13", "handle_A14", "handle_A15", "handle_A16", 
        "handle_A17", "handle_A18", "handle_A19", "handle_A20", 
        "handle_A21", "handle_A22", "handle_A23", "handle_A24", 
        "handle_A25", "handle_A26", "handle_A27", "handle_A28", 
        "handle_A29", "handle_A30", "handle_A31", "handle_A32", 
        "handle_A33", "handle_A34", "handle_A35", "handle_A36", 
        "handle_A37", "handle_A38", "handle_A39", "handle_A40", 
        "handle_A41", "handle_A42", "handle_A43", "handle_A44", 
        "handle_A45", "handle_A46", "handle_A47", "handle_A48", 
        "handle_A49", "handle_A50", "handle_A51", "handle_A52", 
        "handle_A53", "handle_A54", "handle_A55", "handle_A56", 
        "handle_A57", "handle_A58", "handle_A59", "handle_A60", 
        "handle_A61", "handle_A62", "handle_A63", "handle_A64", 
        "node1", "node2", "node3", "node4", "node5", "node6", 
        "node7", "node8", "node9", "node10", "node11", "node12", 
        "node13", "node14", "node15", "node16", "node17", "node18", 
        "node19", "node20", "node21", "node22", "node23", "node24", 
        "node25", "node26", "node27", "node28", "node29", "node30", 
        "node31", "node32", "node33", "node34", "node35", "node36", 
        "node37", "node38", "node39", "node40", "node41", "node42", 
        "node43", "node44", "node45", "node46", "node47", "node48", 
        "node49", "node50", "node51", "node52", "node53", "node54", 
        "node55", "node56", "node57", "node58", "node59", "node60", 
        "node61", "node62", "node63", "node64"))), .Names = c("Mver", 
    "xver", "Mhor", "xhor", "Mrot", "exact_h", "exact_v", "mcdonalds", 
    "celtic", "reefknot", "center_crossing", "indep"))), .Names = c("minsymvec", 
"overunderobj", "symobj"), class = "knot")
