`k9_22` <-
structure(list(minsymvec = structure(c(25.4341022082968, 136.825635715328, 
178.056624301891, 29.1409991230867, -128.856202074201, -250.835172610459, 
-429.187508018368, -533.087003758733, -363.655413306604, -189.966370511953, 
-44.8850500692258, 74.4133330505269, -21.626434952787, -60.4443478700535, 
-28.1488313131233, 235.034254013174, 315.65779179624, -66.5418898443733, 
-69.4573908242186, -52.3209708634326, 1.96218330053355, 11.6985517540453, 
-7.48388013110444, -169.466723704705, -367.154188906374, -409.765380358097, 
-353.555632861393, -249.347642334339, 48.6310483266926, -147.089675781515, 
-381.521930246996, -520.258021450614, -377.506688480581, -125.746548437961, 
-4.88601695409766, -173.442467093279, -222.817907759053, -92.4447125134553, 
-72.3792919679833, -163.629293914847, -260.737038846498, -341.277408213239, 
-348.816372162435, 18.4791778355668, 65.6669302391695, -48.8653804952202, 
-83.2886361781047, -175.702231947615, -256.801367771903, -329.0891601447, 
-441.683593615076, -314.081864005795, -221.346353340936, 9.7751480945276, 
119.284730224532, 73.2087771389552, 148.43023931106, 142.244527585315, 
-43.898240095301, -171.492102612115, -302.645984499661, -487.995336243401, 
-480.637681732498, -311.602893689362, -146.046415721247, 43.7143064306055, 
-44.8919995921523, -55.9662960348185, 67.3150560949241, 282.067525825532, 
146.90684972637, -73.327572328504, -52.8890450170211, -35.4958391350444, 
8.89779807369688, 8.78939366101817, -58.5906878301707, -251.317368063256, 
-373.687117124063, -396.562519875757, -329.207631114218, -160.122013951188, 
-11.2423095580776, -245.285984990383, -437.158694772856, -484.074702728541, 
-275.696104737922, -80.8208278840407, -49.5921309651009, -206.666471929718, 
-188.847426824725, -63.0870660081807, -21.2721416663861, -117.434941009267, 
-197.341040676496, -273.033189613721, -347.611110269321, -259.560946700054, 
114.849923872543, 27.597754165532, -82.1474995198498, -117.086580683374, 
-205.607902149297, -268.753505103313, -368.968052224939, -412.561396789928, 
-300.301626265661, -128.791689382954, 38.278058315778, 124.098214464184
), .Names = c("handle_A1", "handle_A2", "handle_A3", "handle_A4", 
"handle_A5", "handle_A6", "handle_A7", "handle_A8", "handle_A9", 
"handle_A10", "handle_A11", "handle_A12", "handle_A13", "handle_A14", 
"handle_A15", "handle_A16", "handle_A17", "handle_A18", "handle_A19", 
"handle_A20", "handle_A21", "handle_A22", "handle_A23", "handle_A24", 
"handle_A25", "handle_A26", "handle_A27", "handle_A28", "handle_A29", 
"handle_A30", "handle_A31", "handle_A32", "handle_A33", "handle_A34", 
"handle_A35", "handle_A36", "handle_A37", "handle_A38", "handle_A40", 
"handle_A41", "handle_A42", "handle_A43", "handle_A44", "handle_A45", 
"handle_A46", "handle_A47", "handle_A48", "handle_A49", "handle_A50", 
"handle_A51", "handle_A52", "handle_A53", "handle_A54", "handle_A55", 
"handle_A56", "node1", "node2", "node3", "node4", "node5", "node6", 
"node7", "node8", "node9", "node10", "node12", "node13", "node14", 
"node15", "node16", "node17", "node18", "node19", "node20", "node21", 
"node22", "node23", "node24", "node25", "node26", "node27", "node28", 
"node29", "node30", "node31", "node32", "node33", "node34", "node35", 
"node36", "node37", "node38", "node39", "node40", "node41", "node42", 
"node43", "node44", "node45", "node46", "node47", "node48", "node49", 
"node50", "node51", "node52", "node53", "node54", "node55", "node56"
), class = "minsymvec"), overunderobj = structure(c(1, 16, 5, 
10, 7, 26, 19, 13, 23, 18, 3, 24, 6, 27, 9, 11, 21, 15), .Dim = c(9L, 
2L)), symobj = structure(list(Mver = NULL, xver = 11, Mhor = NULL, 
    xhor = NULL, Mrot = NULL, exact_h = NULL, exact_v = NULL, 
    mcdonalds = FALSE, celtic = FALSE, reefknot = FALSE, center_crossing = FALSE, 
    indep = structure(c(TRUE, TRUE, TRUE, TRUE, TRUE, TRUE, TRUE, 
    TRUE, TRUE, TRUE, TRUE, TRUE, TRUE, TRUE, TRUE, TRUE, TRUE, 
    TRUE, TRUE, TRUE, TRUE, TRUE, TRUE, TRUE, TRUE, TRUE, TRUE, 
    TRUE, TRUE, TRUE, TRUE, TRUE, TRUE, TRUE, TRUE, TRUE, TRUE, 
    TRUE, FALSE, TRUE, TRUE, TRUE, TRUE, TRUE, TRUE, TRUE, TRUE, 
    TRUE, TRUE, TRUE, TRUE, TRUE, TRUE, TRUE, TRUE, TRUE, TRUE, 
    TRUE, TRUE, TRUE, TRUE, TRUE, TRUE, TRUE, TRUE, TRUE, FALSE, 
    TRUE, TRUE, TRUE, TRUE, TRUE, TRUE, TRUE, TRUE, TRUE, TRUE, 
    TRUE, TRUE, TRUE, TRUE, TRUE, TRUE, TRUE, TRUE, TRUE, TRUE, 
    TRUE, TRUE, TRUE, TRUE, TRUE, TRUE, TRUE, TRUE, TRUE, TRUE, 
    TRUE, TRUE, TRUE, TRUE, TRUE, TRUE, TRUE, TRUE, TRUE, TRUE, 
    TRUE, TRUE, TRUE, TRUE, TRUE), .Names = c("handle_A1", "handle_A2", 
    "handle_A3", "handle_A4", "handle_A5", "handle_A6", "handle_A7", 
    "handle_A8", "handle_A9", "handle_A10", "handle_A11", "handle_A12", 
    "handle_A13", "handle_A14", "handle_A15", "handle_A16", "handle_A17", 
    "handle_A18", "handle_A19", "handle_A20", "handle_A21", "handle_A22", 
    "handle_A23", "handle_A24", "handle_A25", "handle_A26", "handle_A27", 
    "handle_A28", "handle_A29", "handle_A30", "handle_A31", "handle_A32", 
    "handle_A33", "handle_A34", "handle_A35", "handle_A36", "handle_A37", 
    "handle_A38", "handle_A39", "handle_A40", "handle_A41", "handle_A42", 
    "handle_A43", "handle_A44", "handle_A45", "handle_A46", "handle_A47", 
    "handle_A48", "handle_A49", "handle_A50", "handle_A51", "handle_A52", 
    "handle_A53", "handle_A54", "handle_A55", "handle_A56", "node1", 
    "node2", "node3", "node4", "node5", "node6", "node7", "node8", 
    "node9", "node10", "node11", "node12", "node13", "node14", 
    "node15", "node16", "node17", "node18", "node19", "node20", 
    "node21", "node22", "node23", "node24", "node25", "node26", 
    "node27", "node28", "node29", "node30", "node31", "node32", 
    "node33", "node34", "node35", "node36", "node37", "node38", 
    "node39", "node40", "node41", "node42", "node43", "node44", 
    "node45", "node46", "node47", "node48", "node49", "node50", 
    "node51", "node52", "node53", "node54", "node55", "node56"
    ))), .Names = c("Mver", "xver", "Mhor", "xhor", "Mrot", "exact_h", 
"exact_v", "mcdonalds", "celtic", "reefknot", "center_crossing", 
"indep"))), .Names = c("minsymvec", "overunderobj", "symobj"), class = "knot")
