`k9_22` <-
structure(list(minsymvec = structure(c(6.88495226168268, 123.653084887165, 
143.657835346025, 172.218764310758, 39.0711756710918, -115.453151699977, 
-244.988012898856, -408.961746885759, -533.940636140971, -360.094971333352, 
-210.604462695745, -29.3735951306534, 46.2592565367578, 72.2626952161696, 
-12.934026023237, -48.9323400004176, -25.9127600876943, 226.589865372164, 
304.20375390249, 249.684985497679, -52.5845727950219, -64.794867454493, 
-62.366735981055, -47.1416185320377, 10.647574991261, 15.6700325690285, 
-5.20947387634915, -154.969520344933, -347.617922038372, -399.365164047065, 
-337.112091876782, -211.168533452117, 83.327735387958, -84.7795854726555, 
-170.065895458786, -378.524050260699, -512.943893053613, -384.610306025589, 
-105.502210538118, 18.774915230259, -136.763315238228, -201.379542714506, 
-107.938247290018, -44.129029992438, -100.511138811183, -176.068517194553, 
-265.169816108939, -343.981642482823, -354.273879517305, -84.6679194006631, 
114.284030232701, 73.9534703854141, 38.7113068958664, -49.0173805044137, 
-82.5903459891083, -183.811524500065, -271.787627912383, -331.46221953164, 
-430.517032924369, -313.028999050254, -197.016425352753, 37.3087473572711, 
146.576264742313, 56.3593210134763, 131.330711267354, 149.543162886466, 
141.340634681159, -34.2329075638823, -161.457707054269, -291.620877672553, 
-471.560057131935, -481.663359516013, -307.156782458997, -150.775225425198, 
53.4542269301547, 43.0608903090113, -33.7649036219588, -46.2786267453456, 
67.6835277847122, 276.541245095376, 297.435592360987, 119.860916723611, 
-56.1572357004311, -66.6174225114596, -46.2358001387762, -27.5642657893705, 
16.9298407318869, 12.8348039010497, -53.8533016620478, -232.145854975176, 
-360.328315638204, -385.854744248288, -303.805876377673, -132.800885224799, 
27.6191396201799, -114.625099909687, -258.424929913229, -430.124395889477, 
-478.927404648638, -272.171137224101, -60.7236313536116, -18.4811997677322, 
-177.321135429411, -172.964479680683, -70.6804348318092, -26.3553318972311, 
-56.6044476174832, -137.087007720187, -207.082549893124, -274.916906426263, 
-350.683229252687, -269.395204375302, -58.2114066809227, 154.117783763062, 
63.898606555713, 14.0061605484629, -84.5880854731924, -125.761063632394, 
-216.120314831295, -280.134455534395, -366.648909549016, -403.982157781722, 
-287.516978083904, -106.400203123542, 71.040570156877, 144.97837143512
), .Names = c("handle_A1", "handle_A2", "handle_A3", "handle_A4", 
"handle_A5", "handle_A6", "handle_A7", "handle_A8", "handle_A9", 
"handle_A10", "handle_A11", "handle_A12", "handle_A13", "handle_A14", 
"handle_A15", "handle_A16", "handle_A17", "handle_A18", "handle_A19", 
"handle_A20", "handle_A21", "handle_A22", "handle_A23", "handle_A24", 
"handle_A25", "handle_A26", "handle_A27", "handle_A28", "handle_A29", 
"handle_A30", "handle_A31", "handle_A32", "handle_A33", "handle_A34", 
"handle_A35", "handle_A36", "handle_A37", "handle_A38", "handle_A39", 
"handle_A40", "handle_A41", "handle_A42", "handle_A43", "handle_A45", 
"handle_A46", "handle_A47", "handle_A48", "handle_A49", "handle_A50", 
"handle_A51", "handle_A52", "handle_A53", "handle_A54", "handle_A55", 
"handle_A56", "handle_A57", "handle_A58", "handle_A59", "handle_A60", 
"handle_A61", "handle_A62", "handle_A63", "handle_A64", "node1", 
"node2", "node3", "node4", "node5", "node6", "node7", "node8", 
"node9", "node10", "node11", "node13", "node14", "node15", "node16", 
"node17", "node18", "node19", "node20", "node21", "node22", "node23", 
"node24", "node25", "node26", "node27", "node28", "node29", "node30", 
"node31", "node32", "node33", "node34", "node35", "node36", "node37", 
"node38", "node39", "node40", "node41", "node42", "node43", "node44", 
"node45", "node46", "node47", "node48", "node49", "node50", "node51", 
"node52", "node53", "node54", "node55", "node56", "node57", "node58", 
"node59", "node60", "node61", "node62", "node63", "node64"), class = "minsymvec"), 
    overunderobj = structure(c(1, 16, 5, 10, 7, 26, 19, 13, 23, 
    18, 3, 24, 6, 27, 9, 11, 21, 15), .Dim = c(9L, 2L)), symobj = structure(list(
        Mver = NULL, xver = 12, Mhor = NULL, xhor = NULL, Mrot = NULL, 
        exact_h = NULL, exact_v = NULL, mcdonalds = FALSE, celtic = FALSE, 
        reefknot = FALSE, center_crossing = FALSE, indep = structure(c(TRUE, 
        TRUE, TRUE, TRUE, TRUE, TRUE, TRUE, TRUE, TRUE, TRUE, 
        TRUE, TRUE, TRUE, TRUE, TRUE, TRUE, TRUE, TRUE, TRUE, 
        TRUE, TRUE, TRUE, TRUE, TRUE, TRUE, TRUE, TRUE, TRUE, 
        TRUE, TRUE, TRUE, TRUE, TRUE, TRUE, TRUE, TRUE, TRUE, 
        TRUE, TRUE, TRUE, TRUE, TRUE, TRUE, FALSE, TRUE, TRUE, 
        TRUE, TRUE, TRUE, TRUE, TRUE, TRUE, TRUE, TRUE, TRUE, 
        TRUE, TRUE, TRUE, TRUE, TRUE, TRUE, TRUE, TRUE, TRUE, 
        TRUE, TRUE, TRUE, TRUE, TRUE, TRUE, TRUE, TRUE, TRUE, 
        TRUE, TRUE, FALSE, TRUE, TRUE, TRUE, TRUE, TRUE, TRUE, 
        TRUE, TRUE, TRUE, TRUE, TRUE, TRUE, TRUE, TRUE, TRUE, 
        TRUE, TRUE, TRUE, TRUE, TRUE, TRUE, TRUE, TRUE, TRUE, 
        TRUE, TRUE, TRUE, TRUE, TRUE, TRUE, TRUE, TRUE, TRUE, 
        TRUE, TRUE, TRUE, TRUE, TRUE, TRUE, TRUE, TRUE, TRUE, 
        TRUE, TRUE, TRUE, TRUE, TRUE, TRUE, TRUE, TRUE, TRUE, 
        TRUE), .Names = c("handle_A1", "handle_A2", "handle_A3", 
        "handle_A4", "handle_A5", "handle_A6", "handle_A7", "handle_A8", 
        "handle_A9", "handle_A10", "handle_A11", "handle_A12", 
        "handle_A13", "handle_A14", "handle_A15", "handle_A16", 
        "handle_A17", "handle_A18", "handle_A19", "handle_A20", 
        "handle_A21", "handle_A22", "handle_A23", "handle_A24", 
        "handle_A25", "handle_A26", "handle_A27", "handle_A28", 
        "handle_A29", "handle_A30", "handle_A31", "handle_A32", 
        "handle_A33", "handle_A34", "handle_A35", "handle_A36", 
        "handle_A37", "handle_A38", "handle_A39", "handle_A40", 
        "handle_A41", "handle_A42", "handle_A43", "handle_A44", 
        "handle_A45", "handle_A46", "handle_A47", "handle_A48", 
        "handle_A49", "handle_A50", "handle_A51", "handle_A52", 
        "handle_A53", "handle_A54", "handle_A55", "handle_A56", 
        "handle_A57", "handle_A58", "handle_A59", "handle_A60", 
        "handle_A61", "handle_A62", "handle_A63", "handle_A64", 
        "node1", "node2", "node3", "node4", "node5", "node6", 
        "node7", "node8", "node9", "node10", "node11", "node12", 
        "node13", "node14", "node15", "node16", "node17", "node18", 
        "node19", "node20", "node21", "node22", "node23", "node24", 
        "node25", "node26", "node27", "node28", "node29", "node30", 
        "node31", "node32", "node33", "node34", "node35", "node36", 
        "node37", "node38", "node39", "node40", "node41", "node42", 
        "node43", "node44", "node45", "node46", "node47", "node48", 
        "node49", "node50", "node51", "node52", "node53", "node54", 
        "node55", "node56", "node57", "node58", "node59", "node60", 
        "node61", "node62", "node63", "node64"))), .Names = c("Mver", 
    "xver", "Mhor", "xhor", "Mrot", "exact_h", "exact_v", "mcdonalds", 
    "celtic", "reefknot", "center_crossing", "indep"))), .Names = c("minsymvec", 
"overunderobj", "symobj"), class = "knot")
