`k9_22` <-
structure(list(minsymvec = structure(c(38.0350802403626, 121.24462737007, 
138.913820856098, 168.433744462549, 30.3056134078577, -120.966628108999, 
-248.459872519238, -422.318664742537, -536.96865595281, -357.142921472448, 
-214.915804070667, -28.3066590637265, 45.2612083026455, 71.1492287194685, 
-13.5430609694553, -49.8442087557999, -27.6176713019995, 219.615592340307, 
301.560585544749, 249.624679384069, -52.6590339372658, -64.6685329457861, 
-62.3613403234225, -47.1397955044479, 10.3493219351319, 15.3234755050772, 
-6.80272164173407, -161.664642562086, -354.756220988979, -403.717221414059, 
-346.887345909965, -242.419636513997, 51.5122416092397, -85.1359201886808, 
-176.840237144381, -379.676837426223, -513.858748180444, -380.131502389547, 
-117.99360408683, 2.52526908874313, -164.483432930533, -214.069250622533, 
-116.033963117925, -44.3284782415149, -101.917722603109, -176.159468872109, 
-265.440619120652, -344.145222444721, -352.819222938931, -106.813826326574, 
105.421412243335, 74.1729816125562, 38.8258877995556, -49.0203956959293, 
-82.5916946433501, -183.658061902943, -270.112417436861, -331.910028669138, 
-432.246429044448, -313.896289676478, -217.187213057484, 24.8588902462716, 
142.944546543492, 70.9477078076628, 129.600751829348, 144.961099407428, 
136.256989275109, -42.0436538986546, -166.24780382771, -298.339957076184, 
-483.258545760971, -481.078082880374, -309.195291970813, -153.061180438559, 
52.7491546450109, 42.1023727690936, -34.5361297724252, -47.3467800369833, 
65.5087097500626, 267.644306439844, 294.494316368099, 119.450319298323, 
-56.1262411776081, -66.4953726684521, -46.2367419616734, -27.5613156568277, 
16.4517928057152, 12.1654929125706, -57.0676782004418, -240.397344555569, 
-362.074625665479, -392.612734522855, -325.835143903935, -144.75330635314, 
8.00535218696778, -124.644538313971, -261.312890184305, -432.073601802968, 
-478.604984507218, -273.684975419014, -73.5858331384324, -39.5998263852934, 
-200.865819902234, -185.537479257948, -74.6371443533494, -27.3662980640109, 
-57.3461087078475, -137.783107323124, -207.138423546017, -274.865642689483, 
-351.259822392133, -275.52490870593, -74.0235601647073, 150.014424112553, 
64.217590842136, 13.9257470989832, -84.5834457371838, -125.77233520282, 
-215.561303224141, -279.292945806813, -367.206591016834, -405.72651040945, 
-299.951410161163, -121.774583666603, 50.6936704924721, 145.39808909091
), .Names = c("handle_A1", "handle_A2", "handle_A3", "handle_A4", 
"handle_A5", "handle_A6", "handle_A7", "handle_A8", "handle_A9", 
"handle_A10", "handle_A11", "handle_A12", "handle_A13", "handle_A14", 
"handle_A15", "handle_A16", "handle_A17", "handle_A18", "handle_A19", 
"handle_A20", "handle_A21", "handle_A22", "handle_A23", "handle_A24", 
"handle_A25", "handle_A26", "handle_A27", "handle_A28", "handle_A29", 
"handle_A30", "handle_A31", "handle_A32", "handle_A33", "handle_A34", 
"handle_A35", "handle_A36", "handle_A37", "handle_A38", "handle_A39", 
"handle_A40", "handle_A41", "handle_A42", "handle_A43", "handle_A45", 
"handle_A46", "handle_A47", "handle_A48", "handle_A49", "handle_A50", 
"handle_A51", "handle_A52", "handle_A53", "handle_A54", "handle_A55", 
"handle_A56", "handle_A57", "handle_A58", "handle_A59", "handle_A60", 
"handle_A61", "handle_A62", "handle_A63", "handle_A64", "node1", 
"node2", "node3", "node4", "node5", "node6", "node7", "node8", 
"node9", "node10", "node11", "node13", "node14", "node15", "node16", 
"node17", "node18", "node19", "node20", "node21", "node22", "node23", 
"node24", "node25", "node26", "node27", "node28", "node29", "node30", 
"node31", "node32", "node33", "node34", "node35", "node36", "node37", 
"node38", "node39", "node40", "node41", "node42", "node43", "node44", 
"node45", "node46", "node47", "node48", "node49", "node50", "node51", 
"node52", "node53", "node54", "node55", "node56", "node57", "node58", 
"node59", "node60", "node61", "node62", "node63", "node64"), class = "minsymvec"), 
    overunderobj = structure(c(1, 16, 5, 10, 7, 26, 19, 13, 23, 
    18, 3, 24, 6, 27, 9, 11, 21, 15), .Dim = c(9L, 2L)), symobj = structure(list(
        Mver = NULL, xver = 12, Mhor = NULL, xhor = NULL, Mrot = NULL, 
        exact_h = NULL, exact_v = NULL, mcdonalds = FALSE, celtic = FALSE, 
        reefknot = FALSE, center_crossing = FALSE, indep = structure(c(TRUE, 
        TRUE, TRUE, TRUE, TRUE, TRUE, TRUE, TRUE, TRUE, TRUE, 
        TRUE, TRUE, TRUE, TRUE, TRUE, TRUE, TRUE, TRUE, TRUE, 
        TRUE, TRUE, TRUE, TRUE, TRUE, TRUE, TRUE, TRUE, TRUE, 
        TRUE, TRUE, TRUE, TRUE, TRUE, TRUE, TRUE, TRUE, TRUE, 
        TRUE, TRUE, TRUE, TRUE, TRUE, TRUE, FALSE, TRUE, TRUE, 
        TRUE, TRUE, TRUE, TRUE, TRUE, TRUE, TRUE, TRUE, TRUE, 
        TRUE, TRUE, TRUE, TRUE, TRUE, TRUE, TRUE, TRUE, TRUE, 
        TRUE, TRUE, TRUE, TRUE, TRUE, TRUE, TRUE, TRUE, TRUE, 
        TRUE, TRUE, FALSE, TRUE, TRUE, TRUE, TRUE, TRUE, TRUE, 
        TRUE, TRUE, TRUE, TRUE, TRUE, TRUE, TRUE, TRUE, TRUE, 
        TRUE, TRUE, TRUE, TRUE, TRUE, TRUE, TRUE, TRUE, TRUE, 
        TRUE, TRUE, TRUE, TRUE, TRUE, TRUE, TRUE, TRUE, TRUE, 
        TRUE, TRUE, TRUE, TRUE, TRUE, TRUE, TRUE, TRUE, TRUE, 
        TRUE, TRUE, TRUE, TRUE, TRUE, TRUE, TRUE, TRUE, TRUE, 
        TRUE), .Names = c("handle_A1", "handle_A2", "handle_A3", 
        "handle_A4", "handle_A5", "handle_A6", "handle_A7", "handle_A8", 
        "handle_A9", "handle_A10", "handle_A11", "handle_A12", 
        "handle_A13", "handle_A14", "handle_A15", "handle_A16", 
        "handle_A17", "handle_A18", "handle_A19", "handle_A20", 
        "handle_A21", "handle_A22", "handle_A23", "handle_A24", 
        "handle_A25", "handle_A26", "handle_A27", "handle_A28", 
        "handle_A29", "handle_A30", "handle_A31", "handle_A32", 
        "handle_A33", "handle_A34", "handle_A35", "handle_A36", 
        "handle_A37", "handle_A38", "handle_A39", "handle_A40", 
        "handle_A41", "handle_A42", "handle_A43", "handle_A44", 
        "handle_A45", "handle_A46", "handle_A47", "handle_A48", 
        "handle_A49", "handle_A50", "handle_A51", "handle_A52", 
        "handle_A53", "handle_A54", "handle_A55", "handle_A56", 
        "handle_A57", "handle_A58", "handle_A59", "handle_A60", 
        "handle_A61", "handle_A62", "handle_A63", "handle_A64", 
        "node1", "node2", "node3", "node4", "node5", "node6", 
        "node7", "node8", "node9", "node10", "node11", "node12", 
        "node13", "node14", "node15", "node16", "node17", "node18", 
        "node19", "node20", "node21", "node22", "node23", "node24", 
        "node25", "node26", "node27", "node28", "node29", "node30", 
        "node31", "node32", "node33", "node34", "node35", "node36", 
        "node37", "node38", "node39", "node40", "node41", "node42", 
        "node43", "node44", "node45", "node46", "node47", "node48", 
        "node49", "node50", "node51", "node52", "node53", "node54", 
        "node55", "node56", "node57", "node58", "node59", "node60", 
        "node61", "node62", "node63", "node64"))), .Names = c("Mver", 
    "xver", "Mhor", "xhor", "Mrot", "exact_h", "exact_v", "mcdonalds", 
    "celtic", "reefknot", "center_crossing", "indep"))), .Names = c("minsymvec", 
"overunderobj", "symobj"), class = "knot")
