`k9_22` <-
structure(list(minsymvec = structure(c(41.3904776129451, 110.795558436805, 
138.770978230326, 179.47480900229, 29.0821735602238, -128.361205236588, 
-250.874234087113, -429.188767777837, -533.450064813145, -363.958997628308, 
-191.010235958184, -26.8413463257252, 41.8409255292363, 64.544341369758, 
-17.9623845006071, -60.5966766361319, -27.2278700051793, 244.278879863981, 
311.794009887025, 233.331447246028, -31.9232079305688, -67.1566284933143, 
-61.4874240158233, -45.9527592581248, 4.59048791328461, 11.9619658744949, 
-8.181173861967, -169.526001623899, -366.680073638708, -409.746104808382, 
-353.295347486066, -255.372718062091, 38.7380367623569, -70.9343431065554, 
-169.420649270565, -380.703067561159, -520.250987738082, -377.500559082282, 
-125.712297913066, -4.5658898470139, -173.377821871719, -222.643600897793, 
-93.3563812497765, -39.7706358773088, -92.7420907931417, -161.446761673195, 
-261.452689088913, -341.335570917615, -331.333828186149, -116.38682628634, 
88.018670128151, 81.5368456043534, 25.6825843706481, -63.0164151789232, 
-97.4866566068396, -174.600970828582, -257.135759673419, -329.506400362223, 
-442.039033200783, -314.233427009084, -221.324107381064, 9.67577369592781, 
115.009663103733, 72.1206024436297, 122.620699293768, 147.563408663211, 
142.897547168123, -43.8387418161729, -171.486894046851, -302.744721392668, 
-488.03806477916, -481.149617541335, -311.70168112538, -144.243144457387, 
48.4963806815556, 39.0410194648098, -43.8869889443334, -56.0966040993637, 
68.2779411223975, 281.754077461813, 288.711506969965, 131.03824017169, 
-44.4799614491465, -70.0211735408278, -53.2757821773471, -31.2778827799414, 
10.9266417952391, 8.89569150267991, -58.3573886348692, -250.749677839801, 
-373.335768135562, -396.592654640674, -328.527083594994, -148.278520050788, 
-6.80761586486735, -108.154408822901, -247.78629161244, -437.36314773951, 
-484.162719508048, -275.703724015114, -80.6648638871827, -49.3685516108737, 
-206.47670454037, -188.800376027524, -64.2553338296167, -25.2862450582295, 
-52.6917925525577, -125.702116873834, -196.523550590175, -272.556186459216, 
-346.398584292882, -259.797604015658, -47.4028465831411, 129.248999792977, 
63.1696825617554, 0.193693047015847, -81.4683598917782, -122.328628946764, 
-203.899794631953, -269.311814795619, -368.960107706613, -412.466124444622, 
-300.069720113084, -128.713198720738, 38.1566348660287, 141.546249292452
), .Names = c("handle_A1", "handle_A2", "handle_A3", "handle_A4", 
"handle_A5", "handle_A6", "handle_A7", "handle_A8", "handle_A9", 
"handle_A10", "handle_A11", "handle_A12", "handle_A13", "handle_A14", 
"handle_A15", "handle_A16", "handle_A17", "handle_A18", "handle_A19", 
"handle_A20", "handle_A21", "handle_A22", "handle_A23", "handle_A24", 
"handle_A25", "handle_A26", "handle_A27", "handle_A28", "handle_A29", 
"handle_A30", "handle_A31", "handle_A32", "handle_A33", "handle_A34", 
"handle_A35", "handle_A36", "handle_A37", "handle_A38", "handle_A39", 
"handle_A40", "handle_A41", "handle_A42", "handle_A43", "handle_A45", 
"handle_A46", "handle_A47", "handle_A48", "handle_A49", "handle_A50", 
"handle_A51", "handle_A52", "handle_A53", "handle_A54", "handle_A55", 
"handle_A56", "handle_A57", "handle_A58", "handle_A59", "handle_A60", 
"handle_A61", "handle_A62", "handle_A63", "handle_A64", "node1", 
"node2", "node3", "node4", "node5", "node6", "node7", "node8", 
"node9", "node10", "node11", "node13", "node14", "node15", "node16", 
"node17", "node18", "node19", "node20", "node21", "node22", "node23", 
"node24", "node25", "node26", "node27", "node28", "node29", "node30", 
"node31", "node32", "node33", "node34", "node35", "node36", "node37", 
"node38", "node39", "node40", "node41", "node42", "node43", "node44", 
"node45", "node46", "node47", "node48", "node49", "node50", "node51", 
"node52", "node53", "node54", "node55", "node56", "node57", "node58", 
"node59", "node60", "node61", "node62", "node63", "node64"), class = "minsymvec"), 
    overunderobj = structure(c(1, 18, 6, 11, 8, 30, 27, 15, 23, 
    21, 4, 28, 7, 31, 10, 17, 25, 12), .Dim = c(9L, 2L)), symobj = structure(list(
        Mver = NULL, xver = 12, Mhor = NULL, xhor = NULL, Mrot = NULL, 
        exact_h = NULL, exact_v = NULL, mcdonalds = FALSE, celtic = FALSE, 
        reefknot = FALSE, center_crossing = FALSE, indep = structure(c(TRUE, 
        TRUE, TRUE, TRUE, TRUE, TRUE, TRUE, TRUE, TRUE, TRUE, 
        TRUE, TRUE, TRUE, TRUE, TRUE, TRUE, TRUE, TRUE, TRUE, 
        TRUE, TRUE, TRUE, TRUE, TRUE, TRUE, TRUE, TRUE, TRUE, 
        TRUE, TRUE, TRUE, TRUE, TRUE, TRUE, TRUE, TRUE, TRUE, 
        TRUE, TRUE, TRUE, TRUE, TRUE, TRUE, FALSE, TRUE, TRUE, 
        TRUE, TRUE, TRUE, TRUE, TRUE, TRUE, TRUE, TRUE, TRUE, 
        TRUE, TRUE, TRUE, TRUE, TRUE, TRUE, TRUE, TRUE, TRUE, 
        TRUE, TRUE, TRUE, TRUE, TRUE, TRUE, TRUE, TRUE, TRUE, 
        TRUE, TRUE, FALSE, TRUE, TRUE, TRUE, TRUE, TRUE, TRUE, 
        TRUE, TRUE, TRUE, TRUE, TRUE, TRUE, TRUE, TRUE, TRUE, 
        TRUE, TRUE, TRUE, TRUE, TRUE, TRUE, TRUE, TRUE, TRUE, 
        TRUE, TRUE, TRUE, TRUE, TRUE, TRUE, TRUE, TRUE, TRUE, 
        TRUE, TRUE, TRUE, TRUE, TRUE, TRUE, TRUE, TRUE, TRUE, 
        TRUE, TRUE, TRUE, TRUE, TRUE, TRUE, TRUE, TRUE, TRUE, 
        TRUE), .Names = c("handle_A1", "handle_A2", "handle_A3", 
        "handle_A4", "handle_A5", "handle_A6", "handle_A7", "handle_A8", 
        "handle_A9", "handle_A10", "handle_A11", "handle_A12", 
        "handle_A13", "handle_A14", "handle_A15", "handle_A16", 
        "handle_A17", "handle_A18", "handle_A19", "handle_A20", 
        "handle_A21", "handle_A22", "handle_A23", "handle_A24", 
        "handle_A25", "handle_A26", "handle_A27", "handle_A28", 
        "handle_A29", "handle_A30", "handle_A31", "handle_A32", 
        "handle_A33", "handle_A34", "handle_A35", "handle_A36", 
        "handle_A37", "handle_A38", "handle_A39", "handle_A40", 
        "handle_A41", "handle_A42", "handle_A43", "handle_A44", 
        "handle_A45", "handle_A46", "handle_A47", "handle_A48", 
        "handle_A49", "handle_A50", "handle_A51", "handle_A52", 
        "handle_A53", "handle_A54", "handle_A55", "handle_A56", 
        "handle_A57", "handle_A58", "handle_A59", "handle_A60", 
        "handle_A61", "handle_A62", "handle_A63", "handle_A64", 
        "node1", "node2", "node3", "node4", "node5", "node6", 
        "node7", "node8", "node9", "node10", "node11", "node12", 
        "node13", "node14", "node15", "node16", "node17", "node18", 
        "node19", "node20", "node21", "node22", "node23", "node24", 
        "node25", "node26", "node27", "node28", "node29", "node30", 
        "node31", "node32", "node33", "node34", "node35", "node36", 
        "node37", "node38", "node39", "node40", "node41", "node42", 
        "node43", "node44", "node45", "node46", "node47", "node48", 
        "node49", "node50", "node51", "node52", "node53", "node54", 
        "node55", "node56", "node57", "node58", "node59", "node60", 
        "node61", "node62", "node63", "node64"))), .Names = c("Mver", 
    "xver", "Mhor", "xhor", "Mrot", "exact_h", "exact_v", "mcdonalds", 
    "celtic", "reefknot", "center_crossing", "indep"))), .Names = c("minsymvec", 
"overunderobj", "symobj"), class = "knot")
