`k9_22` <-
structure(list(minsymvec = structure(c(24.8373936833941, 123.191355087766, 
142.379585717482, 170.015732503111, 36.6273016503884, -117.305164219011, 
-247.595303674853, -414.618813571381, -535.321575160351, -358.182504291035, 
-213.759343739541, -28.7064926591726, 45.7364773484119, 71.4779062313553, 
-13.2301363438307, -49.4150174103909, -26.7135112262122, 223.141429916504, 
303.159328915985, 249.179647160031, -52.6418263546223, -64.6933114033047, 
-62.36493338041, -47.1409920374413, 10.5281143406517, 15.5250020180659, 
-5.57440902134142, -156.884502568564, -352.325188599224, -402.438590501934, 
-342.336699969541, -224.798792215407, 66.4604531900251, -84.5125862071608, 
-171.458203803873, -379.469351882209, -512.224276167713, -383.289726254072, 
-110.653286262741, 10.6461660661553, -148.606981298433, -207.515202744689, 
-112.280710342462, -44.1303711903516, -101.241935291558, -175.820436337344, 
-265.279876931524, -343.644081882825, -354.336821056352, -93.645497780054, 
110.2994456663, 73.9814386130753, 38.9329812903229, -49.0192722168291, 
-82.5916397996434, -183.592855822665, -271.224466668022, -331.378803022129, 
-432.267511977816, -313.105889060675, -207.727586966512, 30.481504256858, 
145.52740879658, 65.585779425977, 130.847475358703, 147.977151750406, 
139.030325710022, -36.2086485285651, -162.793457394463, -295.243326045783, 
-475.900490389324, -481.281187775086, -308.242087130291, -152.044114724426, 
53.1020996269612, 42.4896098502166, -34.2282749073287, -46.8328697603682, 
67.105262117947, 272.71672815432, 296.023166810764, 119.501918904674, 
-56.127276014174, -66.5320439562798, -46.2365220872251, -27.5630846020106, 
16.726789668016, 12.576017033213, -54.6375829387768, -236.057502677596, 
-361.800029655059, -389.389863012429, -314.196285438694, -137.880108681832, 
16.7755313294284, -115.977347985611, -259.524020899568, -430.542356142831, 
-478.234933840253, -274.287886634302, -66.6979141741607, -28.2525898502639, 
-188.20701359119, -179.173114105312, -72.516861385974, -26.7026146426584, 
-56.9543165203859, -137.216087914818, -206.908115887034, -274.777032569835, 
-350.915547382596, -272.257090262288, -64.3306442418565, 152.618283353316, 
64.0564400871271, 14.1079677105112, -84.5861824269847, -125.765392212139, 
-215.912893651028, -279.900766771355, -366.74859652264, -405.969382648518, 
-294.485312137917, -113.895546091294, 61.6559399915868, 145.418989479579
), .Names = c("handle_A1", "handle_A2", "handle_A3", "handle_A4", 
"handle_A5", "handle_A6", "handle_A7", "handle_A8", "handle_A9", 
"handle_A10", "handle_A11", "handle_A12", "handle_A13", "handle_A14", 
"handle_A15", "handle_A16", "handle_A17", "handle_A18", "handle_A19", 
"handle_A20", "handle_A21", "handle_A22", "handle_A23", "handle_A24", 
"handle_A25", "handle_A26", "handle_A27", "handle_A28", "handle_A29", 
"handle_A30", "handle_A31", "handle_A32", "handle_A33", "handle_A34", 
"handle_A35", "handle_A36", "handle_A37", "handle_A38", "handle_A39", 
"handle_A40", "handle_A41", "handle_A42", "handle_A43", "handle_A45", 
"handle_A46", "handle_A47", "handle_A48", "handle_A49", "handle_A50", 
"handle_A51", "handle_A52", "handle_A53", "handle_A54", "handle_A55", 
"handle_A56", "handle_A57", "handle_A58", "handle_A59", "handle_A60", 
"handle_A61", "handle_A62", "handle_A63", "handle_A64", "node1", 
"node2", "node3", "node4", "node5", "node6", "node7", "node8", 
"node9", "node10", "node11", "node13", "node14", "node15", "node16", 
"node17", "node18", "node19", "node20", "node21", "node22", "node23", 
"node24", "node25", "node26", "node27", "node28", "node29", "node30", 
"node31", "node32", "node33", "node34", "node35", "node36", "node37", 
"node38", "node39", "node40", "node41", "node42", "node43", "node44", 
"node45", "node46", "node47", "node48", "node49", "node50", "node51", 
"node52", "node53", "node54", "node55", "node56", "node57", "node58", 
"node59", "node60", "node61", "node62", "node63", "node64"), class = "minsymvec"), 
    overunderobj = structure(c(1, 16, 5, 10, 7, 26, 19, 13, 23, 
    18, 3, 24, 6, 27, 9, 11, 21, 15), .Dim = c(9L, 2L)), symobj = structure(list(
        Mver = NULL, xver = 12, Mhor = NULL, xhor = NULL, Mrot = NULL, 
        exact_h = NULL, exact_v = NULL, mcdonalds = FALSE, celtic = FALSE, 
        reefknot = FALSE, center_crossing = FALSE, indep = structure(c(TRUE, 
        TRUE, TRUE, TRUE, TRUE, TRUE, TRUE, TRUE, TRUE, TRUE, 
        TRUE, TRUE, TRUE, TRUE, TRUE, TRUE, TRUE, TRUE, TRUE, 
        TRUE, TRUE, TRUE, TRUE, TRUE, TRUE, TRUE, TRUE, TRUE, 
        TRUE, TRUE, TRUE, TRUE, TRUE, TRUE, TRUE, TRUE, TRUE, 
        TRUE, TRUE, TRUE, TRUE, TRUE, TRUE, FALSE, TRUE, TRUE, 
        TRUE, TRUE, TRUE, TRUE, TRUE, TRUE, TRUE, TRUE, TRUE, 
        TRUE, TRUE, TRUE, TRUE, TRUE, TRUE, TRUE, TRUE, TRUE, 
        TRUE, TRUE, TRUE, TRUE, TRUE, TRUE, TRUE, TRUE, TRUE, 
        TRUE, TRUE, FALSE, TRUE, TRUE, TRUE, TRUE, TRUE, TRUE, 
        TRUE, TRUE, TRUE, TRUE, TRUE, TRUE, TRUE, TRUE, TRUE, 
        TRUE, TRUE, TRUE, TRUE, TRUE, TRUE, TRUE, TRUE, TRUE, 
        TRUE, TRUE, TRUE, TRUE, TRUE, TRUE, TRUE, TRUE, TRUE, 
        TRUE, TRUE, TRUE, TRUE, TRUE, TRUE, TRUE, TRUE, TRUE, 
        TRUE, TRUE, TRUE, TRUE, TRUE, TRUE, TRUE, TRUE, TRUE, 
        TRUE), .Names = c("handle_A1", "handle_A2", "handle_A3", 
        "handle_A4", "handle_A5", "handle_A6", "handle_A7", "handle_A8", 
        "handle_A9", "handle_A10", "handle_A11", "handle_A12", 
        "handle_A13", "handle_A14", "handle_A15", "handle_A16", 
        "handle_A17", "handle_A18", "handle_A19", "handle_A20", 
        "handle_A21", "handle_A22", "handle_A23", "handle_A24", 
        "handle_A25", "handle_A26", "handle_A27", "handle_A28", 
        "handle_A29", "handle_A30", "handle_A31", "handle_A32", 
        "handle_A33", "handle_A34", "handle_A35", "handle_A36", 
        "handle_A37", "handle_A38", "handle_A39", "handle_A40", 
        "handle_A41", "handle_A42", "handle_A43", "handle_A44", 
        "handle_A45", "handle_A46", "handle_A47", "handle_A48", 
        "handle_A49", "handle_A50", "handle_A51", "handle_A52", 
        "handle_A53", "handle_A54", "handle_A55", "handle_A56", 
        "handle_A57", "handle_A58", "handle_A59", "handle_A60", 
        "handle_A61", "handle_A62", "handle_A63", "handle_A64", 
        "node1", "node2", "node3", "node4", "node5", "node6", 
        "node7", "node8", "node9", "node10", "node11", "node12", 
        "node13", "node14", "node15", "node16", "node17", "node18", 
        "node19", "node20", "node21", "node22", "node23", "node24", 
        "node25", "node26", "node27", "node28", "node29", "node30", 
        "node31", "node32", "node33", "node34", "node35", "node36", 
        "node37", "node38", "node39", "node40", "node41", "node42", 
        "node43", "node44", "node45", "node46", "node47", "node48", 
        "node49", "node50", "node51", "node52", "node53", "node54", 
        "node55", "node56", "node57", "node58", "node59", "node60", 
        "node61", "node62", "node63", "node64"))), .Names = c("Mver", 
    "xver", "Mhor", "xhor", "Mrot", "exact_h", "exact_v", "mcdonalds", 
    "celtic", "reefknot", "center_crossing", "indep"))), .Names = c("minsymvec", 
"overunderobj", "symobj"), class = "knot")
