`k9_23a` <-	
structure(list(minsymvec = structure(c(handle_A11 = -246.925410914804, 
handle_A12 = -168.294824654822, handle_A23 = -15.6067386781086, 
handle_A24 = -149.767861188666, handle_A25 = -362.440008884302, 
handle_A28 = -124.716444751964, handle_A29 = -105.935947776222, 
handle_A30 = -4.91912105983034, handle_A41 = 52.4099123060611, 
handle_A42 = 28.4363263673814, handle_A53 = 46.9494145597055, 
handle_A54 = 195.727708333254, handle_A55 = 280.99238493569, 
handle_A58 = 5.48829315355272, handle_A59 = 179.520797172851, 
node11 = -216.942267105324, node12 = -164.855275695194, node23 = -48.3983389443973, 
node24 = -167.933155657527, node25 = -399.29467748416, node28 = -116.690216238223, 
node29 = -74.5816792574374, node41 = 47.6898701091931, node42 = 25.7585014931097, 
node53 = 107.049351046755, node54 = 202.997686803255, node55 = 116.848183012182, 
node58 = 67.1269373782596, node59 = 219.52914186223, node60 = 259.527619454896
), class = "minsymvec"), overunderobj = structure(c(7, 3, 20, 
23, 9, 26, 13, 29, 17, 2, 18, 5, 8, 14, 11, 28, 24, 22), .Dim = c(9L, 
2L)), symobj = list(Mver = structure(c(29, 24, 23, 25, 11, 12, 
28, 10, 26, 27, 13, 8, 9, 14, 1, 6, 7, 5, 19, 18, 2, 20, 4, 3, 
17, 22, 21, 16), .Dim = c(14L, 2L)), xver = c(15, 30), Mhor = structure(c(25, 
24, 11, 12, 28, 29, 23, 30, 1, 7, 2, 6, 18, 19, 5, 10, 9, 26, 
27, 13, 14, 8, 15, 16, 22, 17, 21, 3, 4, 20), .Dim = c(15L, 2L
)), xhor = NULL, Mrot = NULL, exact_h = NULL, exact_v = NULL, 
    mcdonalds = FALSE, celtic = FALSE, reefknot = FALSE, center_crossing = FALSE, 
    indep = c(handle_A1 = FALSE, handle_A2 = FALSE, handle_A3 = FALSE, 
    handle_A4 = FALSE, handle_A5 = FALSE, handle_A6 = FALSE, 
    handle_A7 = FALSE, handle_A8 = FALSE, handle_A9 = FALSE, 
    handle_A10 = FALSE, handle_A11 = TRUE, handle_A12 = TRUE, 
    handle_A13 = FALSE, handle_A14 = FALSE, handle_A15 = FALSE, 
    handle_A16 = FALSE, handle_A17 = FALSE, handle_A18 = FALSE, 
    handle_A19 = FALSE, handle_A20 = FALSE, handle_A21 = FALSE, 
    handle_A22 = FALSE, handle_A23 = TRUE, handle_A24 = TRUE, 
    handle_A25 = TRUE, handle_A26 = FALSE, handle_A27 = FALSE, 
    handle_A28 = TRUE, handle_A29 = TRUE, handle_A30 = TRUE, 
    handle_A31 = FALSE, handle_A32 = FALSE, handle_A33 = FALSE, 
    handle_A34 = FALSE, handle_A35 = FALSE, handle_A36 = FALSE, 
    handle_A37 = FALSE, handle_A38 = FALSE, handle_A39 = FALSE, 
    handle_A40 = FALSE, handle_A41 = TRUE, handle_A42 = TRUE, 
    handle_A43 = FALSE, handle_A44 = FALSE, handle_A45 = FALSE, 
    handle_A46 = FALSE, handle_A47 = FALSE, handle_A48 = FALSE, 
    handle_A49 = FALSE, handle_A50 = FALSE, handle_A51 = FALSE, 
    handle_A52 = FALSE, handle_A53 = TRUE, handle_A54 = TRUE, 
    handle_A55 = TRUE, handle_A56 = FALSE, handle_A57 = FALSE, 
    handle_A58 = TRUE, handle_A59 = TRUE, handle_A60 = FALSE, 
    node1 = FALSE, node2 = FALSE, node3 = FALSE, node4 = FALSE, 
    node5 = FALSE, node6 = FALSE, node7 = FALSE, node8 = FALSE, 
    node9 = FALSE, node10 = FALSE, node11 = TRUE, node12 = TRUE, 
    node13 = FALSE, node14 = FALSE, node15 = FALSE, node16 = FALSE, 
    node17 = FALSE, node18 = FALSE, node19 = FALSE, node20 = FALSE, 
    node21 = FALSE, node22 = FALSE, node23 = TRUE, node24 = TRUE, 
    node25 = TRUE, node26 = FALSE, node27 = FALSE, node28 = TRUE, 
    node29 = TRUE, node30 = FALSE, node31 = FALSE, node32 = FALSE, 
    node33 = FALSE, node34 = FALSE, node35 = FALSE, node36 = FALSE, 
    node37 = FALSE, node38 = FALSE, node39 = FALSE, node40 = FALSE, 
    node41 = TRUE, node42 = TRUE, node43 = FALSE, node44 = FALSE, 
    node45 = FALSE, node46 = FALSE, node47 = FALSE, node48 = FALSE, 
    node49 = FALSE, node50 = FALSE, node51 = FALSE, node52 = FALSE, 
    node53 = TRUE, node54 = TRUE, node55 = TRUE, node56 = FALSE, 
    node57 = FALSE, node58 = TRUE, node59 = TRUE, node60 = TRUE
    ))), class = "knot")
