`k9_23` <- 
structure(list(minsymvec = structure(c(-2.62776906944182, -154.591914368349, 
-343.841423726093, -266.752340048149, -115.806549546773, -94.5885685047942, 
-191.636261207929, -378.228637874995, -281.804152569682, -106.1927348714, 
-14.0234299748752, -183.494950417787, -153.999389637132, -12.0348841050513, 
-482.428728216184, -652.363321385157, -587.258515731834, -419.310802587481, 
-311.360627538754, -176.136401690735, -62.9896992340706, -243.255054493717, 
-433.354231988478, -633.821423795361, -468.30390736019, -301.542140506471, 
-63.4495721686049, -61.2006295789953, -225.310834490276, -332.17958534028, 
-207.768238416378, -99.1209824768377, -113.093349912955, -275.475525707092, 
-351.570731461224, -202.433666135312, -63.9554288200667, -77.2627662715635, 
-189.860415832375, -106.447338521373, -543.069672386819, -650.651782058193, 
-520.309791557951, -375.685396643588, -264.242611447027, -148.710846345019, 
-102.289130341968, -324.648727729106, -521.866943025697, -651.77901605091, 
-401.563604046967, -216.543837634052, -29.948025451323, 4.32640949044767
), .Names = c("handle_A4", "handle_A5", "handle_A6", "handle_A7", 
"handle_A8", "handle_A9", "handle_A10", "handle_A11", "handle_A12", 
"handle_A13", "handle_A24", "handle_A25", "handle_A26", "handle_A27", 
"handle_A31", "handle_A32", "handle_A33", "handle_A34", "handle_A35", 
"handle_A36", "handle_A37", "handle_A38", "handle_A39", "handle_A40", 
"handle_A51", "handle_A52", "handle_A53", "node4", "node5", "node6", 
"node7", "node8", "node9", "node10", "node11", "node12", "node13", 
"node24", "node25", "node26", "node31", "node32", "node33", "node34", 
"node35", "node36", "node37", "node38", "node39", "node40", "node51", 
"node52", "node53", "node54"), class = "minsymvec"), overunderobj = structure(c(2, 
20, 4, 13, 7, 25, 10, 23, 16, 18, 3, 24, 5, 12, 8, 26, 15, 21
), .Dim = c(9L, 2L)), symobj = structure(list(Mver = structure(c(26, 
9, 10, 11, 25, 8, 7, 24, 6, 12, 4, 5, 13, 1, 18, 17, 16, 2, 19, 
20, 3, 21, 15, 23, 22, 14), .Dim = c(13L, 2L)), xver = 27, Mhor = NULL, 
    xhor = NULL, Mrot = NULL, exact_h = NULL, exact_v = NULL, 
    mcdonalds = FALSE, celtic = FALSE, reefknot = FALSE, center_crossing = FALSE, 
    indep = structure(c(FALSE, FALSE, FALSE, TRUE, TRUE, TRUE, 
    TRUE, TRUE, TRUE, TRUE, TRUE, TRUE, TRUE, FALSE, FALSE, FALSE, 
    FALSE, FALSE, FALSE, FALSE, FALSE, FALSE, FALSE, TRUE, TRUE, 
    TRUE, TRUE, FALSE, FALSE, FALSE, TRUE, TRUE, TRUE, TRUE, 
    TRUE, TRUE, TRUE, TRUE, TRUE, TRUE, FALSE, FALSE, FALSE, 
    FALSE, FALSE, FALSE, FALSE, FALSE, FALSE, FALSE, TRUE, TRUE, 
    TRUE, FALSE, FALSE, FALSE, FALSE, TRUE, TRUE, TRUE, TRUE, 
    TRUE, TRUE, TRUE, TRUE, TRUE, TRUE, FALSE, FALSE, FALSE, 
    FALSE, FALSE, FALSE, FALSE, FALSE, FALSE, FALSE, TRUE, TRUE, 
    TRUE, FALSE, FALSE, FALSE, FALSE, TRUE, TRUE, TRUE, TRUE, 
    TRUE, TRUE, TRUE, TRUE, TRUE, TRUE, FALSE, FALSE, FALSE, 
    FALSE, FALSE, FALSE, FALSE, FALSE, FALSE, FALSE, TRUE, TRUE, 
    TRUE, TRUE), .Names = c("handle_A1", "handle_A2", "handle_A3", 
    "handle_A4", "handle_A5", "handle_A6", "handle_A7", "handle_A8", 
    "handle_A9", "handle_A10", "handle_A11", "handle_A12", "handle_A13", 
    "handle_A14", "handle_A15", "handle_A16", "handle_A17", "handle_A18", 
    "handle_A19", "handle_A20", "handle_A21", "handle_A22", "handle_A23", 
    "handle_A24", "handle_A25", "handle_A26", "handle_A27", "handle_A28", 
    "handle_A29", "handle_A30", "handle_A31", "handle_A32", "handle_A33", 
    "handle_A34", "handle_A35", "handle_A36", "handle_A37", "handle_A38", 
    "handle_A39", "handle_A40", "handle_A41", "handle_A42", "handle_A43", 
    "handle_A44", "handle_A45", "handle_A46", "handle_A47", "handle_A48", 
    "handle_A49", "handle_A50", "handle_A51", "handle_A52", "handle_A53", 
    "handle_A54", "node1", "node2", "node3", "node4", "node5", 
    "node6", "node7", "node8", "node9", "node10", "node11", "node12", 
    "node13", "node14", "node15", "node16", "node17", "node18", 
    "node19", "node20", "node21", "node22", "node23", "node24", 
    "node25", "node26", "node27", "node28", "node29", "node30", 
    "node31", "node32", "node33", "node34", "node35", "node36", 
    "node37", "node38", "node39", "node40", "node41", "node42", 
    "node43", "node44", "node45", "node46", "node47", "node48", 
    "node49", "node50", "node51", "node52", "node53", "node54"
    ))), .Names = c("Mver", "xver", "Mhor", "xhor", "Mrot", "exact_h", 
"exact_v", "mcdonalds", "celtic", "reefknot", "center_crossing", 
"indep"))), .Names = c("minsymvec", "overunderobj", "symobj"), class = "knot")
