`k9_23a` <-
structure(list(minsymvec = structure(c(-251.821457340587, -171.329225434976, 
-14.7283750901447, -147.932653643489, -382.390889496382, -124.71241486307, 
-94.3734410379745, -5.00441154447885, 53.1973754089618, 32.7808038900479, 
27.2826380953442, 191.163178392312, 279.332434981914, 9.1393358392138, 
188.141395708312, -221.185901252324, -164.911855644748, -50.0403357654732, 
-180.783789708047, -410.670789039899, -117.645508309369, -65.3885137624224, 
50.2389653686901, 27.2222998797028, 92.3758368706447, 205.984308707644, 
117.391889901283, 74.3073490584068, 220.257322196189, 252.371595526456
), .Names = c("handle_A11", "handle_A12", "handle_A23", "handle_A24", 
"handle_A25", "handle_A28", "handle_A29", "handle_A30", "handle_A41", 
"handle_A42", "handle_A53", "handle_A54", "handle_A55", "handle_A58", 
"handle_A59", "node11", "node12", "node23", "node24", "node25", 
"node28", "node29", "node41", "node42", "node53", "node54", "node55", 
"node58", "node59", "node60"), class = "minsymvec"), overunderobj = structure(c(7, 
3, 20, 23, 9, 26, 13, 29, 17, 2, 18, 5, 8, 14, 11, 28, 24, 22
), .Dim = c(9L, 2L)), symobj = structure(list(Mver = structure(c(29, 
24, 23, 25, 11, 12, 28, 10, 26, 27, 13, 8, 9, 14, 1, 6, 7, 5, 
19, 18, 2, 20, 4, 3, 17, 22, 21, 16), .Dim = c(14L, 2L)), xver = c(15, 
30), Mhor = structure(c(25, 24, 11, 12, 28, 29, 23, 30, 1, 7, 
2, 6, 18, 19, 5, 10, 9, 26, 27, 13, 14, 8, 15, 16, 22, 17, 21, 
3, 4, 20), .Dim = c(15L, 2L)), xhor = NULL, Mrot = NULL, exact_h = NULL, 
    exact_v = NULL, mcdonalds = FALSE, celtic = FALSE, reefknot = FALSE, 
    center_crossing = FALSE, indep = structure(c(FALSE, FALSE, 
    FALSE, FALSE, FALSE, FALSE, FALSE, FALSE, FALSE, FALSE, TRUE, 
    TRUE, FALSE, FALSE, FALSE, FALSE, FALSE, FALSE, FALSE, FALSE, 
    FALSE, FALSE, TRUE, TRUE, TRUE, FALSE, FALSE, TRUE, TRUE, 
    TRUE, FALSE, FALSE, FALSE, FALSE, FALSE, FALSE, FALSE, FALSE, 
    FALSE, FALSE, TRUE, TRUE, FALSE, FALSE, FALSE, FALSE, FALSE, 
    FALSE, FALSE, FALSE, FALSE, FALSE, TRUE, TRUE, TRUE, FALSE, 
    FALSE, TRUE, TRUE, FALSE, FALSE, FALSE, FALSE, FALSE, FALSE, 
    FALSE, FALSE, FALSE, FALSE, FALSE, TRUE, TRUE, FALSE, FALSE, 
    FALSE, FALSE, FALSE, FALSE, FALSE, FALSE, FALSE, FALSE, TRUE, 
    TRUE, TRUE, FALSE, FALSE, TRUE, TRUE, FALSE, FALSE, FALSE, 
    FALSE, FALSE, FALSE, FALSE, FALSE, FALSE, FALSE, FALSE, TRUE, 
    TRUE, FALSE, FALSE, FALSE, FALSE, FALSE, FALSE, FALSE, FALSE, 
    FALSE, FALSE, TRUE, TRUE, TRUE, FALSE, FALSE, TRUE, TRUE, 
    TRUE), .Names = c("handle_A1", "handle_A2", "handle_A3", 
    "handle_A4", "handle_A5", "handle_A6", "handle_A7", "handle_A8", 
    "handle_A9", "handle_A10", "handle_A11", "handle_A12", "handle_A13", 
    "handle_A14", "handle_A15", "handle_A16", "handle_A17", "handle_A18", 
    "handle_A19", "handle_A20", "handle_A21", "handle_A22", "handle_A23", 
    "handle_A24", "handle_A25", "handle_A26", "handle_A27", "handle_A28", 
    "handle_A29", "handle_A30", "handle_A31", "handle_A32", "handle_A33", 
    "handle_A34", "handle_A35", "handle_A36", "handle_A37", "handle_A38", 
    "handle_A39", "handle_A40", "handle_A41", "handle_A42", "handle_A43", 
    "handle_A44", "handle_A45", "handle_A46", "handle_A47", "handle_A48", 
    "handle_A49", "handle_A50", "handle_A51", "handle_A52", "handle_A53", 
    "handle_A54", "handle_A55", "handle_A56", "handle_A57", "handle_A58", 
    "handle_A59", "handle_A60", "node1", "node2", "node3", "node4", 
    "node5", "node6", "node7", "node8", "node9", "node10", "node11", 
    "node12", "node13", "node14", "node15", "node16", "node17", 
    "node18", "node19", "node20", "node21", "node22", "node23", 
    "node24", "node25", "node26", "node27", "node28", "node29", 
    "node30", "node31", "node32", "node33", "node34", "node35", 
    "node36", "node37", "node38", "node39", "node40", "node41", 
    "node42", "node43", "node44", "node45", "node46", "node47", 
    "node48", "node49", "node50", "node51", "node52", "node53", 
    "node54", "node55", "node56", "node57", "node58", "node59", 
    "node60"))), .Names = c("Mver", "xver", "Mhor", "xhor", "Mrot", 
"exact_h", "exact_v", "mcdonalds", "celtic", "reefknot", "center_crossing", 
"indep"))), .Names = c("minsymvec", "overunderobj", "symobj"), class = "knot")
