`k9_24` <- 
structure(list(minsymvec = structure(c(-94.6133777150714, -176.156123447463, 
-113.852088007071, -21.0148046098366, 234.881275707066, 398.56405470323, 
435.193275754174, 295.594629440521, 101.041222202266, 115.257257270144, 
249.476278662068, 301.259273119057, 92.5808955147982, -187.537040592215, 
-277.810536316323, -240.789052933186, -126.278382474483, -23.2753433033108, 
23.771821287384, -26.6407567109712, -226.193050831926, -361.469683069535, 
-417.905922256643, -291.801679275485, -141.39310485273, 26.2811878600449, 
146.586353746661, 218.087882386173, 205.300830290672, 13.1338335361074, 
283.940463586227, 93.8222853168075, 31.6689752415946, 21.1685480122356, 
137.242452604673, 37.4553320084349, -67.3082653096035, -219.09962389069, 
-79.1395964250127, -14.8870708038168, 16.0325451988286, -267.972481399541, 
-450.429344854518, -529.547523407432, -251.127013564061, -225.218528057923, 
-247.873472574999, -231.09698604618, -156.368189249485, 74.6763952063169, 
130.837213572036, 14.757261570727, -96.6771083075324, -313.202463551529, 
-224.739884212964, -160.606581816304, -106.342175931212, 18.6216082629097, 
172.178715182531, -147.751176378006, -157.843603505431, -87.1210064548227, 
75.3649267235473, 303.42973087194, 408.126553769451, 402.26724804324, 
198.410155427382, 103.16611998637, 146.82833037239, 285.479569142994, 
237.814650911499, 42.304405188665, -275.159949092763, -271.951711367097, 
-196.192248253773, -87.9719578640893, -7.63785063896867, 10.3356291737593, 
-88.4383709088273, -280.997330300301, -371.295845963363, -392.245169530484, 
-219.449317700072, -74.1478594065681, 67.7764163029836, 176.152818081608, 
217.771485026538, 143.062766912253, 219.731502979572, 69.3282500860934, 
26.7046556541311, 70.8981398848806, 112.76277412095, 14.5453748521708, 
-127.099163176799, -184.243562926468, -60.8921495460653, 0.213789276434701, 
-73.4058440294027, -340.587433848203, -467.220378632368, -420.503457467212, 
-246.966754724751, -228.312006397117, -247.784235845575, -211.505934825675, 
-67.2463775777019, 108.591910274002, 95.3241141818433, -3.99369160885285, 
-184.34100470117, -290.949211267835, -189.680491376205, -144.482851632016, 
-66.2693455674566, 60.8314541372852, 228.013758423703, 284.092073445498
), .Names = c("handle_A1", "handle_A2", "handle_A3", "handle_A4", 
"handle_A5", "handle_A6", "handle_A7", "handle_A8", "handle_A9", 
"handle_A10", "handle_A11", "handle_A12", "handle_A13", "handle_A14", 
"handle_A15", "handle_A16", "handle_A17", "handle_A18", "handle_A19", 
"handle_A20", "handle_A21", "handle_A22", "handle_A23", "handle_A24", 
"handle_A25", "handle_A26", "handle_A27", "handle_A28", "handle_A29", 
"handle_A30", "handle_A31", "handle_A32", "handle_A33", "handle_A34", 
"handle_A35", "handle_A36", "handle_A37", "handle_A38", "handle_A39", 
"handle_A40", "handle_A41", "handle_A42", "handle_A43", "handle_A44", 
"handle_A45", "handle_A46", "handle_A47", "handle_A48", "handle_A49", 
"handle_A50", "handle_A51", "handle_A52", "handle_A53", "handle_A54", 
"handle_A55", "handle_A56", "handle_A57", "handle_A58", "handle_A59", 
"node1", "node2", "node3", "node4", "node5", "node6", "node7", 
"node8", "node9", "node10", "node11", "node12", "node13", "node14", 
"node15", "node16", "node17", "node18", "node19", "node20", "node21", 
"node22", "node23", "node24", "node25", "node26", "node27", "node28", 
"node29", "node31", "node32", "node33", "node34", "node35", "node36", 
"node37", "node38", "node39", "node40", "node41", "node42", "node43", 
"node44", "node45", "node46", "node47", "node48", "node49", "node50", 
"node51", "node52", "node53", "node54", "node55", "node56", "node57", 
"node58", "node59", "node60"), class = "minsymvec"), overunderobj = structure(c(5, 
28, 9, 26, 17, 24, 2, 20, 12, 29, 11, 27, 19, 25, 15, 21, 4, 
8), .Dim = c(9L, 2L)), symobj = structure(list(Mver = NULL, xver = 30, 
    Mhor = NULL, xhor = NULL, Mrot = NULL, exact_h = NULL, exact_v = NULL, 
    mcdonalds = FALSE, celtic = FALSE, reefknot = FALSE, center_crossing = FALSE, 
    indep = structure(c(TRUE, TRUE, TRUE, TRUE, TRUE, TRUE, TRUE, 
    TRUE, TRUE, TRUE, TRUE, TRUE, TRUE, TRUE, TRUE, TRUE, TRUE, 
    TRUE, TRUE, TRUE, TRUE, TRUE, TRUE, TRUE, TRUE, TRUE, TRUE, 
    TRUE, TRUE, TRUE, TRUE, TRUE, TRUE, TRUE, TRUE, TRUE, TRUE, 
    TRUE, TRUE, TRUE, TRUE, TRUE, TRUE, TRUE, TRUE, TRUE, TRUE, 
    TRUE, TRUE, TRUE, TRUE, TRUE, TRUE, TRUE, TRUE, TRUE, TRUE, 
    TRUE, TRUE, FALSE, TRUE, TRUE, TRUE, TRUE, TRUE, TRUE, TRUE, 
    TRUE, TRUE, TRUE, TRUE, TRUE, TRUE, TRUE, TRUE, TRUE, TRUE, 
    TRUE, TRUE, TRUE, TRUE, TRUE, TRUE, TRUE, TRUE, TRUE, TRUE, 
    TRUE, TRUE, FALSE, TRUE, TRUE, TRUE, TRUE, TRUE, TRUE, TRUE, 
    TRUE, TRUE, TRUE, TRUE, TRUE, TRUE, TRUE, TRUE, TRUE, TRUE, 
    TRUE, TRUE, TRUE, TRUE, TRUE, TRUE, TRUE, TRUE, TRUE, TRUE, 
    TRUE, TRUE, TRUE), .Names = c("handle_A1", "handle_A2", "handle_A3", 
    "handle_A4", "handle_A5", "handle_A6", "handle_A7", "handle_A8", 
    "handle_A9", "handle_A10", "handle_A11", "handle_A12", "handle_A13", 
    "handle_A14", "handle_A15", "handle_A16", "handle_A17", "handle_A18", 
    "handle_A19", "handle_A20", "handle_A21", "handle_A22", "handle_A23", 
    "handle_A24", "handle_A25", "handle_A26", "handle_A27", "handle_A28", 
    "handle_A29", "handle_A30", "handle_A31", "handle_A32", "handle_A33", 
    "handle_A34", "handle_A35", "handle_A36", "handle_A37", "handle_A38", 
    "handle_A39", "handle_A40", "handle_A41", "handle_A42", "handle_A43", 
    "handle_A44", "handle_A45", "handle_A46", "handle_A47", "handle_A48", 
    "handle_A49", "handle_A50", "handle_A51", "handle_A52", "handle_A53", 
    "handle_A54", "handle_A55", "handle_A56", "handle_A57", "handle_A58", 
    "handle_A59", "handle_A60", "node1", "node2", "node3", "node4", 
    "node5", "node6", "node7", "node8", "node9", "node10", "node11", 
    "node12", "node13", "node14", "node15", "node16", "node17", 
    "node18", "node19", "node20", "node21", "node22", "node23", 
    "node24", "node25", "node26", "node27", "node28", "node29", 
    "node30", "node31", "node32", "node33", "node34", "node35", 
    "node36", "node37", "node38", "node39", "node40", "node41", 
    "node42", "node43", "node44", "node45", "node46", "node47", 
    "node48", "node49", "node50", "node51", "node52", "node53", 
    "node54", "node55", "node56", "node57", "node58", "node59", 
    "node60"))), .Names = c("Mver", "xver", "Mhor", "xhor", "Mrot", 
"exact_h", "exact_v", "mcdonalds", "celtic", "reefknot", "center_crossing", 
"indep"))), .Names = c("minsymvec", "overunderobj", "symobj"), class = "knot")
