`k9_24` <-	
structure(list(minsymvec = structure(c(-90.3453869651609, -175.469486531478, 
-119.171624388995, -19.9256548763823, 232.844977535787, 397.014509414769, 
438.918162819486, 297.872927870059, 100.801165335229, 114.516195675342, 
244.839435586283, 304.422571549652, 91.5462157895617, -184.26580008099, 
-278.484660380167, -238.907160543189, -139.485046529768, -6.66866676894872, 
20.8500926249367, -22.5421734005232, -225.443648191437, -358.822084568078, 
-415.97886772498, -290.738381463799, -154.621012331314, 24.7301245414543, 
146.886695602079, 210.068642403408, 204.938097319619, 12.389715839149, 
284.193942676879, 93.8492618643862, 25.4666690426339, 19.9247650060034, 
135.294557909132, 40.0641795366487, -69.7710143641748, -209.167845799583, 
-81.533678225813, -15.8581042099246, 16.7932499943659, -267.033792245618, 
-449.466155039147, -528.007070509038, -242.733926022147, -212.365725900169, 
-253.973114869869, -241.759621202604, -153.511602917135, 68.815643264395, 
129.667779485128, 17.2883834421176, -98.3981801312181, -314.004560296806, 
-225.026068393095, -155.953079817401, -100.904575368303, 16.6199327724423, 
170.953362048397, -144.142154588654, -159.864474074268, -84.8635791870443, 
74.3920270613288, 300.478150254879, 407.755641310117, 401.814388029567, 
201.802067485526, 102.360689338526, 142.747157962313, 277.607486787703, 
241.825688257954, 43.5861192030557, -276.868397371562, -273.481914446209, 
-193.981419241322, -90.0710539638367, 7.80261766635817, 3.20799399143913, 
-86.1034749734558, -279.12331591236, -370.741386339162, -392.721501845135, 
-213.519117308936, -82.693247995743, 69.6466303271343, 172.005313647669, 
210.930735387089, 142.986590729599, 220.460586913875, 69.2358254161912, 
19.4341095719587, 67.1769816176807, 112.743980877859, 16.110486831543, 
-130.999692914993, -176.843467485284, -61.4780990693034, -2.34943462758794, 
-84.7682341706272, -340.355231172193, -464.881501985638, -420.509183680975, 
-238.86971591159, -220.185922699207, -261.932419272961, -211.869579107589, 
-66.9750017548315, 106.260774217185, 95.2266238768136, -5.4205934998394, 
-181.192303745022, -291.039111866924, -183.868614936366, -140.333971867279, 
-64.2824881646764, 58.4153948806626, 227.432775242113, 284.42204538779
), .Names = c("handle_A1", "handle_A2", "handle_A3", "handle_A4", 
"handle_A5", "handle_A6", "handle_A7", "handle_A8", "handle_A9", 
"handle_A10", "handle_A11", "handle_A12", "handle_A13", "handle_A14", 
"handle_A15", "handle_A16", "handle_A17", "handle_A18", "handle_A19", 
"handle_A20", "handle_A21", "handle_A22", "handle_A23", "handle_A24", 
"handle_A25", "handle_A26", "handle_A27", "handle_A28", "handle_A29", 
"handle_A30", "handle_A31", "handle_A32", "handle_A33", "handle_A34", 
"handle_A35", "handle_A36", "handle_A37", "handle_A38", "handle_A39", 
"handle_A40", "handle_A41", "handle_A42", "handle_A43", "handle_A44", 
"handle_A45", "handle_A46", "handle_A47", "handle_A48", "handle_A49", 
"handle_A50", "handle_A51", "handle_A52", "handle_A53", "handle_A54", 
"handle_A55", "handle_A56", "handle_A57", "handle_A58", "handle_A59", 
"node1", "node2", "node3", "node4", "node5", "node6", "node7", 
"node8", "node9", "node10", "node11", "node12", "node13", "node14", 
"node15", "node16", "node17", "node18", "node19", "node20", "node21", 
"node22", "node23", "node24", "node25", "node26", "node27", "node28", 
"node29", "node31", "node32", "node33", "node34", "node35", "node36", 
"node37", "node38", "node39", "node40", "node41", "node42", "node43", 
"node44", "node45", "node46", "node47", "node48", "node49", "node50", 
"node51", "node52", "node53", "node54", "node55", "node56", "node57", 
"node58", "node59", "node60"), class = "minsymvec"), overunderobj = structure(c(5, 
28, 9, 26, 17, 24, 2, 20, 12, 29, 11, 27, 19, 25, 15, 21, 4, 
8), .Dim = c(9L, 2L)), symobj = structure(list(Mver = NULL, xver = 30, 
    Mhor = NULL, xhor = NULL, Mrot = NULL, exact_h = NULL, exact_v = NULL, 
    mcdonalds = FALSE, celtic = FALSE, reefknot = FALSE, center_crossing = FALSE, 
    indep = structure(c(TRUE, TRUE, TRUE, TRUE, TRUE, TRUE, TRUE, 
    TRUE, TRUE, TRUE, TRUE, TRUE, TRUE, TRUE, TRUE, TRUE, TRUE, 
    TRUE, TRUE, TRUE, TRUE, TRUE, TRUE, TRUE, TRUE, TRUE, TRUE, 
    TRUE, TRUE, TRUE, TRUE, TRUE, TRUE, TRUE, TRUE, TRUE, TRUE, 
    TRUE, TRUE, TRUE, TRUE, TRUE, TRUE, TRUE, TRUE, TRUE, TRUE, 
    TRUE, TRUE, TRUE, TRUE, TRUE, TRUE, TRUE, TRUE, TRUE, TRUE, 
    TRUE, TRUE, FALSE, TRUE, TRUE, TRUE, TRUE, TRUE, TRUE, TRUE, 
    TRUE, TRUE, TRUE, TRUE, TRUE, TRUE, TRUE, TRUE, TRUE, TRUE, 
    TRUE, TRUE, TRUE, TRUE, TRUE, TRUE, TRUE, TRUE, TRUE, TRUE, 
    TRUE, TRUE, FALSE, TRUE, TRUE, TRUE, TRUE, TRUE, TRUE, TRUE, 
    TRUE, TRUE, TRUE, TRUE, TRUE, TRUE, TRUE, TRUE, TRUE, TRUE, 
    TRUE, TRUE, TRUE, TRUE, TRUE, TRUE, TRUE, TRUE, TRUE, TRUE, 
    TRUE, TRUE, TRUE), .Names = c("handle_A1", "handle_A2", "handle_A3", 
    "handle_A4", "handle_A5", "handle_A6", "handle_A7", "handle_A8", 
    "handle_A9", "handle_A10", "handle_A11", "handle_A12", "handle_A13", 
    "handle_A14", "handle_A15", "handle_A16", "handle_A17", "handle_A18", 
    "handle_A19", "handle_A20", "handle_A21", "handle_A22", "handle_A23", 
    "handle_A24", "handle_A25", "handle_A26", "handle_A27", "handle_A28", 
    "handle_A29", "handle_A30", "handle_A31", "handle_A32", "handle_A33", 
    "handle_A34", "handle_A35", "handle_A36", "handle_A37", "handle_A38", 
    "handle_A39", "handle_A40", "handle_A41", "handle_A42", "handle_A43", 
    "handle_A44", "handle_A45", "handle_A46", "handle_A47", "handle_A48", 
    "handle_A49", "handle_A50", "handle_A51", "handle_A52", "handle_A53", 
    "handle_A54", "handle_A55", "handle_A56", "handle_A57", "handle_A58", 
    "handle_A59", "handle_A60", "node1", "node2", "node3", "node4", 
    "node5", "node6", "node7", "node8", "node9", "node10", "node11", 
    "node12", "node13", "node14", "node15", "node16", "node17", 
    "node18", "node19", "node20", "node21", "node22", "node23", 
    "node24", "node25", "node26", "node27", "node28", "node29", 
    "node30", "node31", "node32", "node33", "node34", "node35", 
    "node36", "node37", "node38", "node39", "node40", "node41", 
    "node42", "node43", "node44", "node45", "node46", "node47", 
    "node48", "node49", "node50", "node51", "node52", "node53", 
    "node54", "node55", "node56", "node57", "node58", "node59", 
    "node60"))), .Names = c("Mver", "xver", "Mhor", "xhor", "Mrot", 
"exact_h", "exact_v", "mcdonalds", "celtic", "reefknot", "center_crossing", 
"indep"))), .Names = c("minsymvec", "overunderobj", "symobj"), class = "knot")
