`k9_25` <-
structure(list(minsymvec = structure(c(172.48416109876, 86.3005561023766, 
-163.989801561428, -306.706324668233, -339.840290049579, -226.650828031409, 
-80.3070498367741, -11.8926477001434, -124.433012996216, -27.5132816184502, 
-39.7796618330654, 64.2253234005423, 177.052019458657, 380.235580355894, 
232.788113778113, 191.585766743724, 64.1171487550415, -81.1745116081888, 
-198.19561168935, -281.349069041013, -98.433623253107, 183.314422438714, 
-422.793059298768, -230.936853848845, -133.439915733914, 92.2857745756062, 
-0.921103054494051, -307.684246265803, -495.91318644498, -290.334646350783, 
41.3267257161507, 259.850466765887, 199.625404204041, 17.0902942122529, 
8.13928204349951, 20.2226300263542, -13.2307577017375, 8.20053186703574, 
74.3333671521029, 292.924837426352, 215.534470043899, -223.916299523878, 
-311.127705662955, -322.044772999239, -149.411667043804, -43.8256643621686, 
-59.9293633652165, -99.915355180884, -39.0102666341137, 96.5144320944862, 
247.954114041371, 355.788303149571, 221.396773858246, 144.742586877248, 
0.0637543049006058, -126.173608055769, -204.844785206228, -244.791972112503, 
1.51378198655525, 135.785410078464, -458.544056494023, -360.246319107986, 
-217.926003967855, -50.8684317524775, 67.1549620281516, -63.5111214589656, 
-368.84567823125, -551.555297354469, -619.700250678174, -211.161609168298, 
122.185780177294, 262.105718103386, 119.201124874967, 14.583008302976, 
6.20251576024817, 15.1455014759936, -12.9880728862617, 13.461634391363, 
166.204988518328, 273.083982789763), .Names = c("handle_A1", 
"handle_A5", "handle_A6", "handle_A7", "handle_A8", "handle_A9", 
"handle_A10", "handle_A12", "handle_A13", "handle_A14", "handle_A17", 
"handle_A19", "handle_A20", "handle_A21", "handle_A22", "handle_A23", 
"handle_A24", "handle_A25", "handle_A26", "handle_A27", "handle_A28", 
"handle_A29", "handle_A34", "handle_A35", "handle_A36", "handle_A37", 
"handle_A38", "handle_A40", "handle_A41", "handle_A45", "handle_A47", 
"handle_A48", "handle_A49", "handle_A50", "handle_A51", "handle_A52", 
"handle_A53", "handle_A54", "handle_A55", "handle_A56", "node1", 
"node6", "node7", "node8", "node9", "node10", "node12", "node13", 
"node17", "node19", "node20", "node21", "node22", "node23", "node24", 
"node25", "node26", "node27", "node28", "node29", "node33", "node34", 
"node35", "node36", "node37", "node38", "node40", "node41", "node42", 
"node45", "node47", "node48", "node49", "node50", "node51", "node52", 
"node53", "node54", "node55", "node56"), class = "minsymvec"), 
    overunderobj = structure(c(20, 2, 16, 6, 27, 10, 18, 12, 
    24, 1, 22, 5, 13, 9, 25, 11, 17, 19), .Dim = c(9L, 2L)), 
    symobj = structure(list(Mver = structure(c(10, 17, 12, 13, 
    6, 7, 8, 18, 11, 16, 15, 4, 3, 2), .Dim = c(7L, 2L)), xver = c(5, 
    14), Mhor = NULL, xhor = NULL, Mrot = NULL, exact_h = NULL, 
        exact_v = NULL, mcdonalds = FALSE, celtic = FALSE, reefknot = FALSE, 
        center_crossing = FALSE, indep = structure(c(TRUE, FALSE, 
        FALSE, FALSE, TRUE, TRUE, TRUE, TRUE, TRUE, TRUE, FALSE, 
        TRUE, TRUE, TRUE, FALSE, FALSE, TRUE, FALSE, TRUE, TRUE, 
        TRUE, TRUE, TRUE, TRUE, TRUE, TRUE, TRUE, TRUE, TRUE, 
        FALSE, FALSE, FALSE, FALSE, TRUE, TRUE, TRUE, TRUE, TRUE, 
        FALSE, TRUE, TRUE, FALSE, FALSE, FALSE, TRUE, FALSE, 
        TRUE, TRUE, TRUE, TRUE, TRUE, TRUE, TRUE, TRUE, TRUE, 
        TRUE, TRUE, FALSE, FALSE, FALSE, FALSE, TRUE, TRUE, TRUE, 
        TRUE, TRUE, FALSE, TRUE, TRUE, FALSE, FALSE, FALSE, TRUE, 
        FALSE, TRUE, TRUE, TRUE, TRUE, TRUE, TRUE, TRUE, TRUE, 
        TRUE, TRUE, TRUE, FALSE, FALSE, FALSE, TRUE, TRUE, TRUE, 
        TRUE, TRUE, TRUE, FALSE, TRUE, TRUE, TRUE, FALSE, FALSE, 
        TRUE, FALSE, TRUE, TRUE, TRUE, TRUE, TRUE, TRUE, TRUE, 
        TRUE, TRUE, TRUE), .Names = c("handle_A1", "handle_A2", 
        "handle_A3", "handle_A4", "handle_A5", "handle_A6", "handle_A7", 
        "handle_A8", "handle_A9", "handle_A10", "handle_A11", 
        "handle_A12", "handle_A13", "handle_A14", "handle_A15", 
        "handle_A16", "handle_A17", "handle_A18", "handle_A19", 
        "handle_A20", "handle_A21", "handle_A22", "handle_A23", 
        "handle_A24", "handle_A25", "handle_A26", "handle_A27", 
        "handle_A28", "handle_A29", "handle_A30", "handle_A31", 
        "handle_A32", "handle_A33", "handle_A34", "handle_A35", 
        "handle_A36", "handle_A37", "handle_A38", "handle_A39", 
        "handle_A40", "handle_A41", "handle_A42", "handle_A43", 
        "handle_A44", "handle_A45", "handle_A46", "handle_A47", 
        "handle_A48", "handle_A49", "handle_A50", "handle_A51", 
        "handle_A52", "handle_A53", "handle_A54", "handle_A55", 
        "handle_A56", "node1", "node2", "node3", "node4", "node5", 
        "node6", "node7", "node8", "node9", "node10", "node11", 
        "node12", "node13", "node14", "node15", "node16", "node17", 
        "node18", "node19", "node20", "node21", "node22", "node23", 
        "node24", "node25", "node26", "node27", "node28", "node29", 
        "node30", "node31", "node32", "node33", "node34", "node35", 
        "node36", "node37", "node38", "node39", "node40", "node41", 
        "node42", "node43", "node44", "node45", "node46", "node47", 
        "node48", "node49", "node50", "node51", "node52", "node53", 
        "node54", "node55", "node56"))), .Names = c("Mver", "xver", 
    "Mhor", "xhor", "Mrot", "exact_h", "exact_v", "mcdonalds", 
    "celtic", "reefknot", "center_crossing", "indep"))), .Names = c("minsymvec", 
"overunderobj", "symobj"), class = "knot")

