`k9_26` <-
structure(list(minsymvec = structure(c(107.323514750651, 192.309923463299, 
258.513424345678, 363.148013446053, 289.110119514507, 94.3270809128185, 
-6.44438134089823, -196.116477359981, -356.862343029512, -317.900088921553, 
-193.438886575749, -118.169180205335, -245.761317098843, -410.475195040911, 
-329.857720324416, -170.368509171784, -21.1547025317808, 224.59756073708, 
426.93504820655, 319.360584376335, 111.105353460799, -81.8354746097614, 
-216.31068666175, -192.229822634302, -178.980191354111, -134.352338102741, 
-39.0373353645377, -19.5384642013014, -149.084444065375, -263.066474455833, 
-419.210200505937, -593.005727468347, -507.282143567454, -213.382512579546, 
-64.8477632507259, -137.069355633978, -329.653012516038, -402.460850805545, 
-497.084503829186, -669.29203087693, -430.813507018179, -294.933569952895, 
-261.876123414468, -223.425152667521, -109.771577265975, -219.392717128676, 
-378.35699345921, -601.366834082803, -674.722272341268, -582.396387682647, 
-402.264818814117, -246.458022481083, -71.5297705796962, 155.282129684089, 
245.200966592844, 293.047965261409, 354.119666980164, 220.913309254114, 
40.4147633614397, -67.6837838745661, -251.572295317455, -360.784115130119, 
-268.886791093205, -164.839650555146, -138.166837892033, -339.79835588922, 
-391.798626676497, -254.472970937315, -91.6171940415247, 80.1094289485981, 
299.849044974486, 400.000267790955, 235.310688204574, 43.874936799938, 
-124.146745447867, -222.0637861985, -179.05141054707, -167.943924238955, 
-104.656639321024, -73.8304485528368, -240.164793375265, -322.558026200094, 
-482.017382713927, -583.235433003403, -377.654495971964, -147.967347616195, 
-77.2932472625259, -206.801449629675, -365.317148208958, -429.22653414398, 
-547.774341130974, -603.511399246563, -387.951506517255, -270.295015781474, 
-246.006055228893, -186.581413876686, -127.033572830082, -301.245726798399, 
-454.613471182544, -639.276526677094, -654.792974048791, -500.043912476856, 
-329.288281523841, -181.617870114255, -44.5695883820405, -5.01182600759804
), .Names = c("handle_A1", "handle_A2", "handle_A3", "handle_A4", 
"handle_A5", "handle_A6", "handle_A7", "handle_A8", "handle_A9", 
"handle_A10", "handle_A11", "handle_A12", "handle_A13", "handle_A14", 
"handle_A15", "handle_A16", "handle_A17", "handle_A18", "handle_A19", 
"handle_A20", "handle_A21", "handle_A22", "handle_A23", "handle_A24", 
"handle_A25", "handle_A26", "handle_A27", "handle_A28", "handle_A29", 
"handle_A30", "handle_A31", "handle_A32", "handle_A33", "handle_A34", 
"handle_A35", "handle_A36", "handle_A37", "handle_A38", "handle_A39", 
"handle_A40", "handle_A41", "handle_A42", "handle_A43", "handle_A44", 
"handle_A45", "handle_A46", "handle_A47", "handle_A48", "handle_A49", 
"handle_A50", "handle_A51", "handle_A52", "handle_A53", "node1", 
"node2", "node3", "node4", "node5", "node6", "node7", "node8", 
"node9", "node10", "node11", "node12", "node13", "node14", "node15", 
"node16", "node17", "node18", "node19", "node20", "node21", "node22", 
"node23", "node24", "node25", "node26", "node28", "node29", "node30", 
"node31", "node32", "node33", "node34", "node35", "node36", "node37", 
"node38", "node39", "node40", "node41", "node42", "node43", "node44", 
"node45", "node46", "node47", "node48", "node49", "node50", "node51", 
"node52", "node53", "node54"), class = "minsymvec"), overunderobj = structure(c(2, 
20, 6, 17, 8, 15, 11, 23, 25, 18, 4, 21, 7, 26, 10, 24, 13, 16
), .Dim = c(9L, 2L)), symobj = structure(list(Mver = NULL, xver = 27, 
    Mhor = NULL, xhor = NULL, Mrot = NULL, mcdonalds = FALSE, 
    celtic = FALSE, reefknot = FALSE, indep = structure(c(TRUE, 
    TRUE, TRUE, TRUE, TRUE, TRUE, TRUE, TRUE, TRUE, TRUE, TRUE, 
    TRUE, TRUE, TRUE, TRUE, TRUE, TRUE, TRUE, TRUE, TRUE, TRUE, 
    TRUE, TRUE, TRUE, TRUE, TRUE, TRUE, TRUE, TRUE, TRUE, TRUE, 
    TRUE, TRUE, TRUE, TRUE, TRUE, TRUE, TRUE, TRUE, TRUE, TRUE, 
    TRUE, TRUE, TRUE, TRUE, TRUE, TRUE, TRUE, TRUE, TRUE, TRUE, 
    TRUE, TRUE, FALSE, TRUE, TRUE, TRUE, TRUE, TRUE, TRUE, TRUE, 
    TRUE, TRUE, TRUE, TRUE, TRUE, TRUE, TRUE, TRUE, TRUE, TRUE, 
    TRUE, TRUE, TRUE, TRUE, TRUE, TRUE, TRUE, TRUE, TRUE, FALSE, 
    TRUE, TRUE, TRUE, TRUE, TRUE, TRUE, TRUE, TRUE, TRUE, TRUE, 
    TRUE, TRUE, TRUE, TRUE, TRUE, TRUE, TRUE, TRUE, TRUE, TRUE, 
    TRUE, TRUE, TRUE, TRUE, TRUE, TRUE, TRUE), .Names = c("handle_A1", 
    "handle_A2", "handle_A3", "handle_A4", "handle_A5", "handle_A6", 
    "handle_A7", "handle_A8", "handle_A9", "handle_A10", "handle_A11", 
    "handle_A12", "handle_A13", "handle_A14", "handle_A15", "handle_A16", 
    "handle_A17", "handle_A18", "handle_A19", "handle_A20", "handle_A21", 
    "handle_A22", "handle_A23", "handle_A24", "handle_A25", "handle_A26", 
    "handle_A27", "handle_A28", "handle_A29", "handle_A30", "handle_A31", 
    "handle_A32", "handle_A33", "handle_A34", "handle_A35", "handle_A36", 
    "handle_A37", "handle_A38", "handle_A39", "handle_A40", "handle_A41", 
    "handle_A42", "handle_A43", "handle_A44", "handle_A45", "handle_A46", 
    "handle_A47", "handle_A48", "handle_A49", "handle_A50", "handle_A51", 
    "handle_A52", "handle_A53", "handle_A54", "node1", "node2", 
    "node3", "node4", "node5", "node6", "node7", "node8", "node9", 
    "node10", "node11", "node12", "node13", "node14", "node15", 
    "node16", "node17", "node18", "node19", "node20", "node21", 
    "node22", "node23", "node24", "node25", "node26", "node27", 
    "node28", "node29", "node30", "node31", "node32", "node33", 
    "node34", "node35", "node36", "node37", "node38", "node39", 
    "node40", "node41", "node42", "node43", "node44", "node45", 
    "node46", "node47", "node48", "node49", "node50", "node51", 
    "node52", "node53", "node54"))), .Names = c("Mver", "xver", 
"Mhor", "xhor", "Mrot", "mcdonalds", "celtic", "reefknot", "indep"
))), .Names = c("minsymvec", "overunderobj", "symobj"), class = "knot")
