`k9_27` <-
structure(list(minsymvec = structure(c(390.799854765952, 436.259008450985, 
252.837242911986, 29.2502471699133, -133.56466586412, -322.72420859852, 
-388.686563398394, -242.810598634591, -92.204618777954, 268.39096721428, 
465.023410240822, 534.675481933514, 515.856445274765, 279.656148941081, 
260.6257327238, 253.096703586963, -45.0603693893143, -228.471196878276, 
-234.503685024195, -317.87151749615, -448.245276966907, -412.70786710219, 
-203.712296867024, -107.288980712247, -6.54062897464904, 259.600463097652, 
100.690837032955, -33.4535470381186, -267.656222242496, -344.779601136548, 
-357.517323536462, -307.608015329929, -100.44963127848, -29.0950094786054, 
-13.5317406903537, -32.089243889471, -171.635770388357, -266.130126073066, 
-175.153271387154, -133.106878839602, -10.9320691384114, 250.599417672837, 
115.481245768587, -36.2467843577438, -144.922709806926, -183.525496757566, 
138.582528733339, 131.105779000702, 7.68723266666755, 150.597018670891, 
409.070215813311, 384.192802891873, 175.719595389447, -24.523458488683, 
-190.260238630216, -361.412220492091, -330.730244405211, -173.208463893621, 
342.578283433713, 504.76800315783, 533.448084706115, 420.416765400629, 
275.037403607051, 252.955091704117, 239.487176286948, -120.657668898958, 
-240.638293007068, -255.370698091347, -325.581174816394, -485.249244775651, 
-338.014889211632, -156.707142713271, -73.7472180475687, 308.784250359716, 
63.5080338105259, -126.327177900098, -299.162629010357, -350.557728594994, 
-346.24775005265, -245.219955829303, -53.7403005564051, -8.71616843082975, 
51.0082160907634, -21.4084555325352, -76.8758539623611, -177.839612551414, 
-269.365198813465, -165.177844536486, -90.4923614614297, 51.5609134956837, 
213.882452358415, 52.5305071242019, -84.3051307518169, -147.216671992749, 
-62.2839228334739, 149.670270886006, 83.3128045250295, -19.8427984760272, 
-47.4221434332769, 140.752174598931), .Names = c("handle_A1", 
"handle_A2", "handle_A3", "handle_A4", "handle_A5", "handle_A6", 
"handle_A7", "handle_A8", "handle_A9", "handle_A11", "handle_A12", 
"handle_A13", "handle_A14", "handle_A15", "handle_A16", "handle_A17", 
"handle_A19", "handle_A20", "handle_A21", "handle_A22", "handle_A23", 
"handle_A24", "handle_A25", "handle_A26", "handle_A27", "handle_A30", 
"handle_A31", "handle_A32", "handle_A33", "handle_A34", "handle_A35", 
"handle_A36", "handle_A37", "handle_A38", "handle_A41", "handle_A42", 
"handle_A43", "handle_A44", "handle_A45", "handle_A46", "handle_A47", 
"handle_A49", "handle_A50", "handle_A51", "handle_A52", "handle_A53", 
"handle_A54", "handle_A55", "handle_A56", "handle_A60", "node1", 
"node2", "node3", "node4", "node5", "node6", "node7", "node8", 
"node11", "node12", "node13", "node14", "node15", "node16", "node17", 
"node19", "node20", "node21", "node22", "node23", "node24", "node25", 
"node26", "node30", "node31", "node32", "node33", "node34", "node35", 
"node36", "node37", "node38", "node39", "node41", "node42", "node43", 
"node44", "node45", "node46", "node47", "node49", "node50", "node51", 
"node52", "node53", "node54", "node55", "node56", "node57", "node60"
), class = "minsymvec"), overunderobj = structure(c(12, 3, 23, 
8, 26, 10, 17, 30, 20, 2, 15, 7, 21, 9, 29, 11, 18, 25), .Dim = c(9L, 
2L)), symobj = structure(list(Mver = structure(c(19, 25, 8, 26, 
18, 29, 10, 28), .Dim = c(4L, 2L)), xver = c(9, 27), Mhor = NULL, 
    xhor = NULL, Mrot = NULL, exact_h = NULL, exact_v = NULL, 
    mcdonalds = FALSE, celtic = FALSE, reefknot = FALSE, indep = structure(c(TRUE, 
    TRUE, TRUE, TRUE, TRUE, TRUE, TRUE, TRUE, TRUE, FALSE, TRUE, 
    TRUE, TRUE, TRUE, TRUE, TRUE, TRUE, FALSE, TRUE, TRUE, TRUE, 
    TRUE, TRUE, TRUE, TRUE, TRUE, TRUE, FALSE, FALSE, TRUE, TRUE, 
    TRUE, TRUE, TRUE, TRUE, TRUE, TRUE, TRUE, FALSE, FALSE, TRUE, 
    TRUE, TRUE, TRUE, TRUE, TRUE, TRUE, FALSE, TRUE, TRUE, TRUE, 
    TRUE, TRUE, TRUE, TRUE, TRUE, FALSE, FALSE, FALSE, TRUE, 
    TRUE, TRUE, TRUE, TRUE, TRUE, TRUE, TRUE, TRUE, FALSE, FALSE, 
    TRUE, TRUE, TRUE, TRUE, TRUE, TRUE, TRUE, FALSE, TRUE, TRUE, 
    TRUE, TRUE, TRUE, TRUE, TRUE, TRUE, FALSE, FALSE, FALSE, 
    TRUE, TRUE, TRUE, TRUE, TRUE, TRUE, TRUE, TRUE, TRUE, TRUE, 
    FALSE, TRUE, TRUE, TRUE, TRUE, TRUE, TRUE, TRUE, FALSE, TRUE, 
    TRUE, TRUE, TRUE, TRUE, TRUE, TRUE, TRUE, TRUE, FALSE, FALSE, 
    TRUE), .Names = c("handle_A1", "handle_A2", "handle_A3", 
    "handle_A4", "handle_A5", "handle_A6", "handle_A7", "handle_A8", 
    "handle_A9", "handle_A10", "handle_A11", "handle_A12", "handle_A13", 
    "handle_A14", "handle_A15", "handle_A16", "handle_A17", "handle_A18", 
    "handle_A19", "handle_A20", "handle_A21", "handle_A22", "handle_A23", 
    "handle_A24", "handle_A25", "handle_A26", "handle_A27", "handle_A28", 
    "handle_A29", "handle_A30", "handle_A31", "handle_A32", "handle_A33", 
    "handle_A34", "handle_A35", "handle_A36", "handle_A37", "handle_A38", 
    "handle_A39", "handle_A40", "handle_A41", "handle_A42", "handle_A43", 
    "handle_A44", "handle_A45", "handle_A46", "handle_A47", "handle_A48", 
    "handle_A49", "handle_A50", "handle_A51", "handle_A52", "handle_A53", 
    "handle_A54", "handle_A55", "handle_A56", "handle_A57", "handle_A58", 
    "handle_A59", "handle_A60", "node1", "node2", "node3", "node4", 
    "node5", "node6", "node7", "node8", "node9", "node10", "node11", 
    "node12", "node13", "node14", "node15", "node16", "node17", 
    "node18", "node19", "node20", "node21", "node22", "node23", 
    "node24", "node25", "node26", "node27", "node28", "node29", 
    "node30", "node31", "node32", "node33", "node34", "node35", 
    "node36", "node37", "node38", "node39", "node40", "node41", 
    "node42", "node43", "node44", "node45", "node46", "node47", 
    "node48", "node49", "node50", "node51", "node52", "node53", 
    "node54", "node55", "node56", "node57", "node58", "node59", 
    "node60"))), .Names = c("Mver", "xver", "Mhor", "xhor", "Mrot", 
"exact_h", "exact_v", "mcdonalds", "celtic", "reefknot", "indep"
))), .Names = c("minsymvec", "overunderobj", "symobj"), class = "knot")
