`k9_28` <-
structure(list(minsymvec = structure(c(-32.6330845050634, -196.973248877809, 
-299.844576826144, -279.149704810253, -172.997783342739, -141.522844028057, 
-347.195934747667, -509.718350239928, -264.206891403835, -107.326726846119, 
-32.8922944083812, 162.638971043103, 175.655936692425, 71.7435254441449, 
-252.419063005299, -356.250426063412, 2.9194538614112, 97.4088158346013, 
-93.0457567782248, -189.990676059746, -13.9171955188173, -335.630944640033, 
-89.1081994213804, -233.78500146865, -308.698312490733, -248.370053857846, 
-118.970054286719, -207.070359731287, -421.569530580685, -439.689249443194, 
-189.496934746458, -56.827112663592, -47.5701787338409, 176.604270954782, 
146.373182291551, -54.5679786289507, -289.657309342229, -360.264507335833, 
31.9177972148407, 53.6408965939472, -152.963501872639, -123.20829955519, 
56.1187734874632, -211.417603110434), .Names = c("handle_A5", 
"handle_A6", "handle_A7", "handle_A8", "handle_A9", "handle_A11", 
"handle_A12", "handle_A13", "handle_A14", "handle_A15", "handle_A21", 
"handle_A27", "handle_A28", "handle_A29", "handle_A30", "handle_A31", 
"handle_A33", "handle_A34", "handle_A35", "handle_A36", "handle_A37", 
"handle_A43", "node5", "node6", "node7", "node8", "node9", "node11", 
"node12", "node13", "node14", "node15", "node21", "node27", "node28", 
"node29", "node30", "node31", "node33", "node34", "node35", "node36", 
"node37", "node43"), class = "minsymvec"), overunderobj = structure(c(18, 
3, 22, 5, 12, 8, 21, 11, 15, 1, 19, 4, 16, 7, 14, 10, 22, 11), .Dim = c(9L, 
2L)), symobj = structure(list(Mver = structure(c(5, 6, 12, 13, 
11, 15, 7, 14, 21, 8, 9, 16, 17, 1, 2, 22, 4, 18, 3, 10, 19, 
20), .Dim = c(11L, 2L)), xver = NULL, Mhor = NULL, xhor = NULL, 
    Mrot = NULL, exact_h = NULL, exact_v = NULL, mcdonalds = TRUE, 
    celtic = FALSE, reefknot = FALSE, center_crossing = FALSE, 
    indep = structure(c(FALSE, FALSE, FALSE, FALSE, TRUE, TRUE, 
    TRUE, TRUE, TRUE, FALSE, TRUE, TRUE, TRUE, TRUE, TRUE, FALSE, 
    FALSE, FALSE, FALSE, FALSE, TRUE, FALSE, FALSE, FALSE, FALSE, 
    FALSE, TRUE, TRUE, TRUE, TRUE, TRUE, FALSE, TRUE, TRUE, TRUE, 
    TRUE, TRUE, FALSE, FALSE, FALSE, FALSE, FALSE, TRUE, FALSE, 
    FALSE, FALSE, FALSE, FALSE, TRUE, TRUE, TRUE, TRUE, TRUE, 
    FALSE, TRUE, TRUE, TRUE, TRUE, TRUE, FALSE, FALSE, FALSE, 
    FALSE, FALSE, TRUE, FALSE, FALSE, FALSE, FALSE, FALSE, TRUE, 
    TRUE, TRUE, TRUE, TRUE, FALSE, TRUE, TRUE, TRUE, TRUE, TRUE, 
    FALSE, FALSE, FALSE, FALSE, FALSE, TRUE, FALSE), .Names = c("handle_A1", 
    "handle_A2", "handle_A3", "handle_A4", "handle_A5", "handle_A6", 
    "handle_A7", "handle_A8", "handle_A9", "handle_A10", "handle_A11", 
    "handle_A12", "handle_A13", "handle_A14", "handle_A15", "handle_A16", 
    "handle_A17", "handle_A18", "handle_A19", "handle_A20", "handle_A21", 
    "handle_A22", "handle_A23", "handle_A24", "handle_A25", "handle_A26", 
    "handle_A27", "handle_A28", "handle_A29", "handle_A30", "handle_A31", 
    "handle_A32", "handle_A33", "handle_A34", "handle_A35", "handle_A36", 
    "handle_A37", "handle_A38", "handle_A39", "handle_A40", "handle_A41", 
    "handle_A42", "handle_A43", "handle_A44", "node1", "node2", 
    "node3", "node4", "node5", "node6", "node7", "node8", "node9", 
    "node10", "node11", "node12", "node13", "node14", "node15", 
    "node16", "node17", "node18", "node19", "node20", "node21", 
    "node22", "node23", "node24", "node25", "node26", "node27", 
    "node28", "node29", "node30", "node31", "node32", "node33", 
    "node34", "node35", "node36", "node37", "node38", "node39", 
    "node40", "node41", "node42", "node43", "node44"))), .Names = c("Mver", 
"xver", "Mhor", "xhor", "Mrot", "exact_h", "exact_v", "mcdonalds", 
"celtic", "reefknot", "center_crossing", "indep"))), .Names = c("minsymvec", 
"overunderobj", "symobj"), class = "knot")
