`k9_28` <- 
structure(list(minsymvec = structure(c(-32.2892117160781, -191.477357723781, 
-302.45664209273, -300.390460422764, -179.002163921008, -141.131727722743, 
-348.210815512016, -511.498589253508, -278.103249426955, -101.110584617132, 
-35.3107606580347, 144.300943313193, 158.575491572945, 84.2906049037909, 
-249.200939905546, -365.107801299635, 9.93935002257414, 106.775798833052, 
-82.4662728967339, -175.305082868818, -3.9922420822146, -350.250276857934, 
-89.395109538893, -220.897580377059, -322.098685010994, -264.176373995805, 
-125.680846406426, -203.600840128885, -424.12531451416, -444.580705588878, 
-204.88076994028, -55.1826904531908, -45.5941960652623, 158.458923234701, 
141.703729137861, -40.6200482938537, -293.05261492274, -369.667925122611, 
39.6730573736448, 62.5754898490893, -139.676120466443, -117.141984324972, 
51.3973061793681, -223.3201984999), .Names = c("handle_A5", "handle_A6", 
"handle_A7", "handle_A8", "handle_A9", "handle_A11", "handle_A12", 
"handle_A13", "handle_A14", "handle_A15", "handle_A21", "handle_A27", 
"handle_A28", "handle_A29", "handle_A30", "handle_A31", "handle_A33", 
"handle_A34", "handle_A35", "handle_A36", "handle_A37", "handle_A43", 
"node5", "node6", "node7", "node8", "node9", "node11", "node12", 
"node13", "node14", "node15", "node21", "node27", "node28", "node29", 
"node30", "node31", "node33", "node34", "node35", "node36", "node37", 
"node43"), class = "minsymvec"), overunderobj = structure(c(18, 
3, 22, 5, 12, 8, 21, 11, 15, 1, 19, 4, 16, 7, 14, 10, 22, 11), .Dim = c(9L, 
2L)), symobj = structure(list(Mver = structure(c(5, 6, 12, 13, 
11, 15, 7, 14, 21, 8, 9, 16, 17, 1, 2, 22, 4, 18, 3, 10, 19, 
20), .Dim = c(11L, 2L)), xver = NULL, Mhor = NULL, xhor = NULL, 
    Mrot = NULL, exact_h = NULL, exact_v = NULL, mcdonalds = TRUE, 
    celtic = FALSE, reefknot = FALSE, center_crossing = FALSE, 
    indep = structure(c(FALSE, FALSE, FALSE, FALSE, TRUE, TRUE, 
    TRUE, TRUE, TRUE, FALSE, TRUE, TRUE, TRUE, TRUE, TRUE, FALSE, 
    FALSE, FALSE, FALSE, FALSE, TRUE, FALSE, FALSE, FALSE, FALSE, 
    FALSE, TRUE, TRUE, TRUE, TRUE, TRUE, FALSE, TRUE, TRUE, TRUE, 
    TRUE, TRUE, FALSE, FALSE, FALSE, FALSE, FALSE, TRUE, FALSE, 
    FALSE, FALSE, FALSE, FALSE, TRUE, TRUE, TRUE, TRUE, TRUE, 
    FALSE, TRUE, TRUE, TRUE, TRUE, TRUE, FALSE, FALSE, FALSE, 
    FALSE, FALSE, TRUE, FALSE, FALSE, FALSE, FALSE, FALSE, TRUE, 
    TRUE, TRUE, TRUE, TRUE, FALSE, TRUE, TRUE, TRUE, TRUE, TRUE, 
    FALSE, FALSE, FALSE, FALSE, FALSE, TRUE, FALSE), .Names = c("handle_A1", 
    "handle_A2", "handle_A3", "handle_A4", "handle_A5", "handle_A6", 
    "handle_A7", "handle_A8", "handle_A9", "handle_A10", "handle_A11", 
    "handle_A12", "handle_A13", "handle_A14", "handle_A15", "handle_A16", 
    "handle_A17", "handle_A18", "handle_A19", "handle_A20", "handle_A21", 
    "handle_A22", "handle_A23", "handle_A24", "handle_A25", "handle_A26", 
    "handle_A27", "handle_A28", "handle_A29", "handle_A30", "handle_A31", 
    "handle_A32", "handle_A33", "handle_A34", "handle_A35", "handle_A36", 
    "handle_A37", "handle_A38", "handle_A39", "handle_A40", "handle_A41", 
    "handle_A42", "handle_A43", "handle_A44", "node1", "node2", 
    "node3", "node4", "node5", "node6", "node7", "node8", "node9", 
    "node10", "node11", "node12", "node13", "node14", "node15", 
    "node16", "node17", "node18", "node19", "node20", "node21", 
    "node22", "node23", "node24", "node25", "node26", "node27", 
    "node28", "node29", "node30", "node31", "node32", "node33", 
    "node34", "node35", "node36", "node37", "node38", "node39", 
    "node40", "node41", "node42", "node43", "node44"))), .Names = c("Mver", 
"xver", "Mhor", "xhor", "Mrot", "exact_h", "exact_v", "mcdonalds", 
"celtic", "reefknot", "center_crossing", "indep"))), .Names = c("minsymvec", 
"overunderobj", "symobj"), class = "knot")
