`k9_29` <-
structure(list(minsymvec = structure(c(249.213943364366, -147.462633367791, 
-232.677304976581, -152.867780079033, -35.2526754495252, 142.865426409965, 
48.9176776885678, -34.8242457150632, -225.686353628288, 269.37646534715, 
150.006323994732, -390.833322806056, -148.816412880338, 258.502910574928, 
-54.6576312549382, 84.6361674907712, 225.410636607844, 127.769826012591, 
80.0257160922389, 144.849709543026, 144.590691244559, 48.1078809549576, 
71.5015446705368, 52.0767941547843, -48.1003212669961, 288.531040172251, 
-175.085687692881, -220.703466843977, -99.6780270257185, -19.0741566418059, 
111.76285718464, 23.7761567027488, -120.944807391098, -259.529308273773, 
215.885281567521, 76.1352242119053, -366.467936430931, 180.635505982339, 
-2.04999288445102, 139.263901443772, 203.016149012581, 68.1480467457222, 
108.478559226158, 146.281121942799, 97.4367316261966, 5.18456756001412, 
70.3211417266331, 25.1440573736669, 96.7744276059083, 323.117590052377
), .Names = c("handle_A1", "handle_A6", "handle_A7", "handle_A8", 
"handle_A9", "handle_A14", "handle_A15", "handle_A16", "handle_A17", 
"handle_A21", "handle_A22", "handle_A25", "handle_A26", "handle_A27", 
"handle_A32", "handle_A33", "handle_A34", "handle_A35", "handle_A40", 
"handle_A41", "handle_A42", "handle_A43", "handle_A47", "handle_A48", 
"handle_A51", "node1", "node6", "node7", "node8", "node9", "node14", 
"node15", "node16", "node17", "node21", "node22", "node25", "node27", 
"node32", "node33", "node34", "node35", "node40", "node41", "node42", 
"node43", "node47", "node48", "node51", "node52"), class = "minsymvec"), 
    overunderobj = structure(c(2, 13, 4, 24, 7, 16, 10, 22, 18, 
    21, 3, 11, 6, 17, 9, 23, 14, 25), .Dim = c(9L, 2L)), symobj = structure(list(
        Mver = NULL, xver = 26, Mhor = NULL, xhor = NULL, Mrot = structure(c(1, 
        25, 8, 7, 16, 15, 14, 9, 22, 21, 26, 17, 6, 18, 20, 11, 
        12, 3, 4, 5, 10, 23, 24, 19, 2, 13), .Dim = c(13L, 2L
        )), exact_h = NULL, exact_v = NULL, mcdonalds = FALSE, 
        celtic = FALSE, reefknot = FALSE, center_crossing = TRUE, 
        indep = structure(c(TRUE, FALSE, FALSE, FALSE, FALSE, 
        TRUE, TRUE, TRUE, TRUE, FALSE, FALSE, FALSE, FALSE, TRUE, 
        TRUE, TRUE, TRUE, FALSE, FALSE, FALSE, TRUE, TRUE, FALSE, 
        FALSE, TRUE, TRUE, TRUE, FALSE, FALSE, FALSE, FALSE, 
        TRUE, TRUE, TRUE, TRUE, FALSE, FALSE, FALSE, FALSE, TRUE, 
        TRUE, TRUE, TRUE, FALSE, FALSE, FALSE, TRUE, TRUE, FALSE, 
        FALSE, TRUE, FALSE, TRUE, FALSE, FALSE, FALSE, FALSE, 
        TRUE, TRUE, TRUE, TRUE, FALSE, FALSE, FALSE, FALSE, TRUE, 
        TRUE, TRUE, TRUE, FALSE, FALSE, FALSE, TRUE, TRUE, FALSE, 
        FALSE, TRUE, FALSE, TRUE, FALSE, FALSE, FALSE, FALSE, 
        TRUE, TRUE, TRUE, TRUE, FALSE, FALSE, FALSE, FALSE, TRUE, 
        TRUE, TRUE, TRUE, FALSE, FALSE, FALSE, TRUE, TRUE, FALSE, 
        FALSE, TRUE, TRUE), .Names = c("handle_A1", "handle_A2", 
        "handle_A3", "handle_A4", "handle_A5", "handle_A6", "handle_A7", 
        "handle_A8", "handle_A9", "handle_A10", "handle_A11", 
        "handle_A12", "handle_A13", "handle_A14", "handle_A15", 
        "handle_A16", "handle_A17", "handle_A18", "handle_A19", 
        "handle_A20", "handle_A21", "handle_A22", "handle_A23", 
        "handle_A24", "handle_A25", "handle_A26", "handle_A27", 
        "handle_A28", "handle_A29", "handle_A30", "handle_A31", 
        "handle_A32", "handle_A33", "handle_A34", "handle_A35", 
        "handle_A36", "handle_A37", "handle_A38", "handle_A39", 
        "handle_A40", "handle_A41", "handle_A42", "handle_A43", 
        "handle_A44", "handle_A45", "handle_A46", "handle_A47", 
        "handle_A48", "handle_A49", "handle_A50", "handle_A51", 
        "handle_A52", "node1", "node2", "node3", "node4", "node5", 
        "node6", "node7", "node8", "node9", "node10", "node11", 
        "node12", "node13", "node14", "node15", "node16", "node17", 
        "node18", "node19", "node20", "node21", "node22", "node23", 
        "node24", "node25", "node26", "node27", "node28", "node29", 
        "node30", "node31", "node32", "node33", "node34", "node35", 
        "node36", "node37", "node38", "node39", "node40", "node41", 
        "node42", "node43", "node44", "node45", "node46", "node47", 
        "node48", "node49", "node50", "node51", "node52"))), .Names = c("Mver", 
    "xver", "Mhor", "xhor", "Mrot", "exact_h", "exact_v", "mcdonalds", 
    "celtic", "reefknot", "center_crossing", "indep"))), .Names = c("minsymvec", 
"overunderobj", "symobj"), class = "knot")
 
