`k9_3` <-
structure(list(minsymvec = structure(c(102.170989060499, -120.385312695718, 
-275.820076348989, -194.609417327886, -210.276039457116, -194.569407657754, 
-22.2716472110876, -33.34432810061, -101.241317874657, -245.377628219896, 
-278.168120449628, -159.400661631203, -22.9098121345369, -530.992424478977, 
-443.814484366928, -309.502457314344, -56.473049592319, 349.176405615551, 
176.970249985037, -619.259688338906, -495.846108689956, -324.229199370924, 
-151.482991774861, -82.8289526890518, 169.636852882016, -179.047099595825, 
-260.43023893439, -173.364400872308, -229.447148467459, -108.350624396741, 
-34.5211450283561, -77.1906248384443, -155.401201735176, -270.586422441665, 
-237.525779802019, -81.2030155263789, -34.6814510076734, -500.196769684965, 
-515.558983866297, -379.181192287858, -200.309907064626, 94.5357493901354, 
372.938237038957, 108.199221451814, -575.283367408334, -406.429356312393, 
-266.526472779427, -115.850028905855, -47.4504283071818, 243.998566867451
), .Names = c("handle_A5", "handle_A6", "handle_A7", "handle_A8", 
"handle_A9", "handle_A10", "handle_A12", "handle_A18", "handle_A19", 
"handle_A20", "handle_A21", "handle_A22", "handle_A24", "handle_A31", 
"handle_A32", "handle_A33", "handle_A34", "handle_A35", "handle_A37", 
"handle_A43", "handle_A44", "handle_A45", "handle_A46", "handle_A47", 
"handle_A49", "node6", "node7", "node8", "node9", "node10", "node12", 
"node18", "node19", "node20", "node21", "node22", "node24", "node30", 
"node31", "node32", "node33", "node34", "node35", "node37", "node43", 
"node44", "node45", "node46", "node47", "node49"), class = "minsymvec"), 
    overunderobj = structure(c(2, 16, 5, 19, 8, 22, 11, 24, 13, 
    14, 3, 17, 6, 20, 9, 25, 12, 23), .Dim = c(9L, 2L)), symobj = structure(list(
        Mver = structure(c(10, 24, 12, 9, 22, 21, 8, 20, 19, 
        7, 6, 18, 25, 11, 23, 1, 13, 14, 2, 15, 16, 3, 4, 17), .Dim = c(12L, 
        2L)), xver = 5, Mhor = NULL, xhor = NULL, Mrot = NULL, 
        mcdonalds = FALSE, celtic = FALSE, indep = structure(c(FALSE, 
        FALSE, FALSE, FALSE, TRUE, TRUE, TRUE, TRUE, TRUE, TRUE, 
        FALSE, TRUE, FALSE, FALSE, FALSE, FALSE, FALSE, TRUE, 
        TRUE, TRUE, TRUE, TRUE, FALSE, TRUE, FALSE, FALSE, FALSE, 
        FALSE, FALSE, FALSE, TRUE, TRUE, TRUE, TRUE, TRUE, FALSE, 
        TRUE, FALSE, FALSE, FALSE, FALSE, FALSE, TRUE, TRUE, 
        TRUE, TRUE, TRUE, FALSE, TRUE, FALSE, FALSE, FALSE, FALSE, 
        FALSE, FALSE, TRUE, TRUE, TRUE, TRUE, TRUE, FALSE, TRUE, 
        FALSE, FALSE, FALSE, FALSE, FALSE, TRUE, TRUE, TRUE, 
        TRUE, TRUE, FALSE, TRUE, FALSE, FALSE, FALSE, FALSE, 
        FALSE, TRUE, TRUE, TRUE, TRUE, TRUE, TRUE, FALSE, TRUE, 
        FALSE, FALSE, FALSE, FALSE, FALSE, TRUE, TRUE, TRUE, 
        TRUE, TRUE, FALSE, TRUE, FALSE), .Names = c("handle_A1", 
        "handle_A2", "handle_A3", "handle_A4", "handle_A5", "handle_A6", 
        "handle_A7", "handle_A8", "handle_A9", "handle_A10", 
        "handle_A11", "handle_A12", "handle_A13", "handle_A14", 
        "handle_A15", "handle_A16", "handle_A17", "handle_A18", 
        "handle_A19", "handle_A20", "handle_A21", "handle_A22", 
        "handle_A23", "handle_A24", "handle_A25", "handle_A26", 
        "handle_A27", "handle_A28", "handle_A29", "handle_A30", 
        "handle_A31", "handle_A32", "handle_A33", "handle_A34", 
        "handle_A35", "handle_A36", "handle_A37", "handle_A38", 
        "handle_A39", "handle_A40", "handle_A41", "handle_A42", 
        "handle_A43", "handle_A44", "handle_A45", "handle_A46", 
        "handle_A47", "handle_A48", "handle_A49", "handle_A50", 
        "node1", "node2", "node3", "node4", "node5", "node6", 
        "node7", "node8", "node9", "node10", "node11", "node12", 
        "node13", "node14", "node15", "node16", "node17", "node18", 
        "node19", "node20", "node21", "node22", "node23", "node24", 
        "node25", "node26", "node27", "node28", "node29", "node30", 
        "node31", "node32", "node33", "node34", "node35", "node36", 
        "node37", "node38", "node39", "node40", "node41", "node42", 
        "node43", "node44", "node45", "node46", "node47", "node48", 
        "node49", "node50"))), .Names = c("Mver", "xver", "Mhor", 
    "xhor", "Mrot", "mcdonalds", "celtic", "indep"))), .Names = c("minsymvec", 
"overunderobj", "symobj"), class = "knot")
