`k9_30` <- 
structure(list(minsymvec = structure(c(61.9590806626643, 128.349170343386, 
-9.70699829221589, -107.414695990428, -208.241412407843, -319.391298092966, 
-313.647347358569, -100.26449940413, 173.917326441816, 332.59165328127, 
371.855486555461, 189.901221408334, 41.1884086179108, -119.203539592683, 
-230.819081343029, -335.758029874288, -94.3268781265938, 130.448658974405, 
202.748009100954, 300.889036127508, 435.876465238374, 330.918942292884, 
92.5905721950143, 52.4471669081203, -25.410556790548, -127.64461621381, 
-10.4832418991823, 336.424958313652, 151.425526308151, -18.7578150967073, 
-161.580888356126, -210.664289362025, -211.395099013547, 77.5237450244058, 
173.789560701043, 91.8298891443239, -141.98564223046, -194.51555715243, 
-174.656352893581, -121.819842243402, -138.084022077536, -205.485297876793, 
-436.027430494331, -320.682829149438, -168.664287354157, -94.0430838362582, 
-69.3387903228233, -405.199858640104, -320.750235391846, -155.694038964118, 
-5.77897767381986, 232.351248413772, 96.8078113037959, 69.9283651862049, 
-52.5590503900165, -142.53328082727, -218.81978484004, -349.24499009115, 
-250.023180752083, 221.699735624357, 364.612122107966, 307.154550896995, 
119.846826289974, -24.5213887753479, -162.014548593108, -238.690247909619, 
-284.560609892117, -8.39225344453363, 162.753958612732, 234.389918832206, 
307.899819247993, 456.673969410849, 238.829013536587, 68.1788625970537, 
28.1067710551786, -73.8158911072652, -94.3032901858007, 284.272631985469, 
68.6099878638229, -76.4955631838268, -185.437393590669, -210.801142814834, 
-111.072926159547, 123.050881340899, 192.498802092251, 152.456422289151, 
15.8811114835532, -178.057236044131, -181.349351860107, -156.587938011818, 
-122.058513270195, -143.094061243775, -315.531759252053, -406.318836540449, 
-263.512782729554, -134.637399878371, -92.7613823883442, -204.442842059851, 
-391.65355881047, -255.308925717527, -90.3926283746398, 77.9692151075939, 
284.297862246745, 337.466283542354), .Names = c("handle_A1", 
"handle_A2", "handle_A3", "handle_A4", "handle_A5", "handle_A6", 
"handle_A7", "handle_A8", "handle_A9", "handle_A10", "handle_A11", 
"handle_A12", "handle_A13", "handle_A14", "handle_A15", "handle_A16", 
"handle_A17", "handle_A18", "handle_A19", "handle_A20", "handle_A21", 
"handle_A22", "handle_A23", "handle_A24", "handle_A25", "handle_A26", 
"handle_A27", "handle_A28", "handle_A29", "handle_A30", "handle_A31", 
"handle_A32", "handle_A33", "handle_A34", "handle_A36", "handle_A37", 
"handle_A38", "handle_A39", "handle_A40", "handle_A41", "handle_A42", 
"handle_A43", "handle_A44", "handle_A45", "handle_A46", "handle_A47", 
"handle_A48", "handle_A49", "handle_A50", "handle_A51", "handle_A52", 
"handle_A53", "node1", "node2", "node3", "node4", "node5", "node6", 
"node7", "node9", "node10", "node11", "node12", "node13", "node14", 
"node15", "node16", "node17", "node18", "node19", "node20", "node21", 
"node22", "node23", "node24", "node25", "node26", "node28", "node29", 
"node30", "node31", "node32", "node33", "node34", "node35", "node36", 
"node37", "node38", "node39", "node40", "node41", "node42", "node43", 
"node44", "node45", "node46", "node47", "node48", "node49", "node50", 
"node51", "node52", "node53", "node54"), class = "minsymvec"), 
    overunderobj = structure(c(9, 3, 14, 6, 26, 21, 12, 24, 18, 
    2, 25, 4, 16, 8, 11, 19, 13, 23), .Dim = c(9L, 2L)), symobj = structure(list(
        Mver = NULL, xver = c(27, 8), Mhor = NULL, xhor = NULL, 
        Mrot = NULL, exact_h = NULL, exact_v = NULL, mcdonalds = FALSE, 
        celtic = FALSE, reefknot = FALSE, center_crossing = TRUE, 
        indep = structure(c(TRUE, TRUE, TRUE, TRUE, TRUE, TRUE, 
        TRUE, TRUE, TRUE, TRUE, TRUE, TRUE, TRUE, TRUE, TRUE, 
        TRUE, TRUE, TRUE, TRUE, TRUE, TRUE, TRUE, TRUE, TRUE, 
        TRUE, TRUE, TRUE, TRUE, TRUE, TRUE, TRUE, TRUE, TRUE, 
        TRUE, FALSE, TRUE, TRUE, TRUE, TRUE, TRUE, TRUE, TRUE, 
        TRUE, TRUE, TRUE, TRUE, TRUE, TRUE, TRUE, TRUE, TRUE, 
        TRUE, TRUE, FALSE, TRUE, TRUE, TRUE, TRUE, TRUE, TRUE, 
        TRUE, FALSE, TRUE, TRUE, TRUE, TRUE, TRUE, TRUE, TRUE, 
        TRUE, TRUE, TRUE, TRUE, TRUE, TRUE, TRUE, TRUE, TRUE, 
        TRUE, TRUE, FALSE, TRUE, TRUE, TRUE, TRUE, TRUE, TRUE, 
        TRUE, TRUE, TRUE, TRUE, TRUE, TRUE, TRUE, TRUE, TRUE, 
        TRUE, TRUE, TRUE, TRUE, TRUE, TRUE, TRUE, TRUE, TRUE, 
        TRUE, TRUE, TRUE), .Names = c("handle_A1", "handle_A2", 
        "handle_A3", "handle_A4", "handle_A5", "handle_A6", "handle_A7", 
        "handle_A8", "handle_A9", "handle_A10", "handle_A11", 
        "handle_A12", "handle_A13", "handle_A14", "handle_A15", 
        "handle_A16", "handle_A17", "handle_A18", "handle_A19", 
        "handle_A20", "handle_A21", "handle_A22", "handle_A23", 
        "handle_A24", "handle_A25", "handle_A26", "handle_A27", 
        "handle_A28", "handle_A29", "handle_A30", "handle_A31", 
        "handle_A32", "handle_A33", "handle_A34", "handle_A35", 
        "handle_A36", "handle_A37", "handle_A38", "handle_A39", 
        "handle_A40", "handle_A41", "handle_A42", "handle_A43", 
        "handle_A44", "handle_A45", "handle_A46", "handle_A47", 
        "handle_A48", "handle_A49", "handle_A50", "handle_A51", 
        "handle_A52", "handle_A53", "handle_A54", "node1", "node2", 
        "node3", "node4", "node5", "node6", "node7", "node8", 
        "node9", "node10", "node11", "node12", "node13", "node14", 
        "node15", "node16", "node17", "node18", "node19", "node20", 
        "node21", "node22", "node23", "node24", "node25", "node26", 
        "node27", "node28", "node29", "node30", "node31", "node32", 
        "node33", "node34", "node35", "node36", "node37", "node38", 
        "node39", "node40", "node41", "node42", "node43", "node44", 
        "node45", "node46", "node47", "node48", "node49", "node50", 
        "node51", "node52", "node53", "node54"))), .Names = c("Mver", 
    "xver", "Mhor", "xhor", "Mrot", "exact_h", "exact_v", "mcdonalds", 
    "celtic", "reefknot", "center_crossing", "indep"))), .Names = c("minsymvec", 
"overunderobj", "symobj"), class = "knot")
