`k9_30` <-	
structure(list(minsymvec = structure(c(63.8787101794783, 126.375411455952, 
-11.9657250517913, -94.1367686764512, -208.874796460048, -327.019327901648, 
-318.409475269777, -99.1082029533898, 167.366609247211, 332.747471668158, 
362.749670033712, 196.738866745724, 42.4558929466489, -104.682260022922, 
-235.598718744823, -331.099265569044, -94.6080983061207, 139.065192142194, 
189.813251004962, 295.066236968234, 444.892907236771, 310.355685941315, 
100.74768314921, 66.8752576662674, -20.8842182266322, -130.235826640967, 
-10.7534317696623, 332.963354799185, 146.429360230496, -11.7367794830855, 
-149.914039140908, -208.300578528956, -206.182506230482, 75.690066541378, 
170.285183129122, 91.0823553017855, -143.994567488851, -186.699847215233, 
-180.18316487014, -114.144098542083, -134.098254696774, -209.131923669277, 
-432.135447574839, -327.371746838126, -173.71144202785, -84.7231095697959, 
-67.0598046187288, -402.977104753786, -339.33712359358, -161.35013064488, 
-7.91654188732651, 226.534585899133, 99.0548988951459, 74.9489840376123, 
-53.4097239142459, -132.530664498853, -219.159548305214, -355.245784682244, 
-251.084849549829, 217.535408845509, 363.063907387268, 294.621180145124, 
125.078499152752, -23.7364768387121, -154.417144920158, -242.487643280934, 
-279.256850820403, -5.27243163041355, 168.630415237079, 221.638909199501, 
304.432729335593, 453.887159974672, 236.027551809598, 72.3821155808323, 
40.782794165088, -72.2383716941266, -96.4953974912065, 278.451197717254, 
71.6226116167837, -68.241739002, -179.091144323052, -208.171267042217, 
-108.288663840881, 120.849559532965, 184.341471732221, 149.884420707624, 
15.3732671884193, -178.433251759948, -176.095989641036, -159.007907621036, 
-112.013682881064, -139.492493339116, -312.589707703676, -406.80631686464, 
-265.167471200547, -132.109508533703, -83.5690554065174, -213.083899213522, 
-393.052449324513, -263.706616439752, -89.7695627302991, 73.810074205842, 
279.673529789697, 334.057687281506), .Names = c("handle_A1", 
"handle_A2", "handle_A3", "handle_A4", "handle_A5", "handle_A6", 
"handle_A7", "handle_A8", "handle_A9", "handle_A10", "handle_A11", 
"handle_A12", "handle_A13", "handle_A14", "handle_A15", "handle_A16", 
"handle_A17", "handle_A18", "handle_A19", "handle_A20", "handle_A21", 
"handle_A22", "handle_A23", "handle_A24", "handle_A25", "handle_A26", 
"handle_A27", "handle_A28", "handle_A29", "handle_A30", "handle_A31", 
"handle_A32", "handle_A33", "handle_A34", "handle_A36", "handle_A37", 
"handle_A38", "handle_A39", "handle_A40", "handle_A41", "handle_A42", 
"handle_A43", "handle_A44", "handle_A45", "handle_A46", "handle_A47", 
"handle_A48", "handle_A49", "handle_A50", "handle_A51", "handle_A52", 
"handle_A53", "node1", "node2", "node3", "node4", "node5", "node6", 
"node7", "node9", "node10", "node11", "node12", "node13", "node14", 
"node15", "node16", "node17", "node18", "node19", "node20", "node21", 
"node22", "node23", "node24", "node25", "node26", "node28", "node29", 
"node30", "node31", "node32", "node33", "node34", "node35", "node36", 
"node37", "node38", "node39", "node40", "node41", "node42", "node43", 
"node44", "node45", "node46", "node47", "node48", "node49", "node50", 
"node51", "node52", "node53", "node54"), class = "minsymvec"), 
    overunderobj = structure(c(9, 3, 14, 6, 26, 21, 12, 24, 18, 
    2, 25, 4, 16, 8, 11, 19, 13, 23), .Dim = c(9L, 2L)), symobj = structure(list(
        Mver = NULL, xver = c(27, 8), Mhor = NULL, xhor = NULL, 
        Mrot = NULL, exact_h = NULL, exact_v = NULL, mcdonalds = FALSE, 
        celtic = FALSE, reefknot = FALSE, center_crossing = TRUE, 
        indep = structure(c(TRUE, TRUE, TRUE, TRUE, TRUE, TRUE, 
        TRUE, TRUE, TRUE, TRUE, TRUE, TRUE, TRUE, TRUE, TRUE, 
        TRUE, TRUE, TRUE, TRUE, TRUE, TRUE, TRUE, TRUE, TRUE, 
        TRUE, TRUE, TRUE, TRUE, TRUE, TRUE, TRUE, TRUE, TRUE, 
        TRUE, FALSE, TRUE, TRUE, TRUE, TRUE, TRUE, TRUE, TRUE, 
        TRUE, TRUE, TRUE, TRUE, TRUE, TRUE, TRUE, TRUE, TRUE, 
        TRUE, TRUE, FALSE, TRUE, TRUE, TRUE, TRUE, TRUE, TRUE, 
        TRUE, FALSE, TRUE, TRUE, TRUE, TRUE, TRUE, TRUE, TRUE, 
        TRUE, TRUE, TRUE, TRUE, TRUE, TRUE, TRUE, TRUE, TRUE, 
        TRUE, TRUE, FALSE, TRUE, TRUE, TRUE, TRUE, TRUE, TRUE, 
        TRUE, TRUE, TRUE, TRUE, TRUE, TRUE, TRUE, TRUE, TRUE, 
        TRUE, TRUE, TRUE, TRUE, TRUE, TRUE, TRUE, TRUE, TRUE, 
        TRUE, TRUE, TRUE), .Names = c("handle_A1", "handle_A2", 
        "handle_A3", "handle_A4", "handle_A5", "handle_A6", "handle_A7", 
        "handle_A8", "handle_A9", "handle_A10", "handle_A11", 
        "handle_A12", "handle_A13", "handle_A14", "handle_A15", 
        "handle_A16", "handle_A17", "handle_A18", "handle_A19", 
        "handle_A20", "handle_A21", "handle_A22", "handle_A23", 
        "handle_A24", "handle_A25", "handle_A26", "handle_A27", 
        "handle_A28", "handle_A29", "handle_A30", "handle_A31", 
        "handle_A32", "handle_A33", "handle_A34", "handle_A35", 
        "handle_A36", "handle_A37", "handle_A38", "handle_A39", 
        "handle_A40", "handle_A41", "handle_A42", "handle_A43", 
        "handle_A44", "handle_A45", "handle_A46", "handle_A47", 
        "handle_A48", "handle_A49", "handle_A50", "handle_A51", 
        "handle_A52", "handle_A53", "handle_A54", "node1", "node2", 
        "node3", "node4", "node5", "node6", "node7", "node8", 
        "node9", "node10", "node11", "node12", "node13", "node14", 
        "node15", "node16", "node17", "node18", "node19", "node20", 
        "node21", "node22", "node23", "node24", "node25", "node26", 
        "node27", "node28", "node29", "node30", "node31", "node32", 
        "node33", "node34", "node35", "node36", "node37", "node38", 
        "node39", "node40", "node41", "node42", "node43", "node44", 
        "node45", "node46", "node47", "node48", "node49", "node50", 
        "node51", "node52", "node53", "node54"))), .Names = c("Mver", 
    "xver", "Mhor", "xhor", "Mrot", "exact_h", "exact_v", "mcdonalds", 
    "celtic", "reefknot", "center_crossing", "indep"))), .Names = c("minsymvec", 
"overunderobj", "symobj"), class = "knot")
