`k9_31` <-
structure(list(minsymvec = structure(c(-3.48510514379965, -164.167023075957, 
-408.034071548284, -319.803792862951, -119.674444023601, -160.165218531986, 
-146.230304790073, -0.454578153682971, -204.221278856492, -369.867861382701, 
-341.039619431293, -76.1499677884967, -169.357460397593, -95.3096288805719, 
23.6518300666162, 270.602005316282, 90.0616771444506, -100.081940621552, 
-196.427102847259, -301.635729331619, -190.078534185188, 4.78035127946438, 
-68.6697452759131, -243.501364910697, -409.760581679387, -233.044979185829, 
-130.219290026984, -164.930905947664, -70.4623797435226, -267.62312833661, 
-372.164906221483, -254.314171724809, -129.893332092709, -60.9705457278043, 
116.993320118739, 232.551567713782, 1.54157502707212, -175.426849692918, 
-395.616414245099, -240.937624447348, -275.75144557663, -124.687405988611, 
69.2802479553691, 152.112739422423), .Names = c("handle_A5", 
"handle_A6", "handle_A7", "handle_A8", "handle_A9", "handle_A10", 
"handle_A11", "handle_A18", "handle_A19", "handle_A20", "handle_A21", 
"handle_A22", "handle_A27", "handle_A28", "handle_A29", "handle_A30", 
"handle_A31", "handle_A32", "handle_A40", "handle_A41", "handle_A42", 
"handle_A43", "node5", "node6", "node7", "node8", "node9", "node10", 
"node18", "node19", "node20", "node21", "node27", "node28", "node29", 
"node30", "node31", "node32", "node33", "node40", "node41", "node42", 
"node43", "node44"), class = "minsymvec"), overunderobj = structure(c(14, 
2, 12, 5, 10, 7, 22, 19, 17, 1, 16, 4, 18, 6, 21, 9, 11, 13), .Dim = c(9L, 
2L)), symobj = structure(list(Mver = structure(c(7, 8, 21, 20, 
6, 9, 5, 10, 18, 19, 15, 14, 1, 2, 16, 13, 17, 12, 4, 3), .Dim = c(10L, 
2L)), xver = c(11, 22), Mhor = NULL, xhor = NULL, Mrot = NULL, 
    exact_h = NULL, exact_v = NULL, mcdonalds = FALSE, celtic = FALSE, 
    reefknot = FALSE, center_crossing = FALSE, indep = structure(c(FALSE, 
    FALSE, FALSE, FALSE, TRUE, TRUE, TRUE, TRUE, TRUE, TRUE, 
    TRUE, FALSE, FALSE, FALSE, FALSE, FALSE, FALSE, TRUE, TRUE, 
    TRUE, TRUE, TRUE, FALSE, FALSE, FALSE, FALSE, TRUE, TRUE, 
    TRUE, TRUE, TRUE, TRUE, FALSE, FALSE, FALSE, FALSE, FALSE, 
    FALSE, FALSE, TRUE, TRUE, TRUE, TRUE, FALSE, FALSE, FALSE, 
    FALSE, FALSE, TRUE, TRUE, TRUE, TRUE, TRUE, TRUE, FALSE, 
    FALSE, FALSE, FALSE, FALSE, FALSE, FALSE, TRUE, TRUE, TRUE, 
    TRUE, FALSE, FALSE, FALSE, FALSE, FALSE, TRUE, TRUE, TRUE, 
    TRUE, TRUE, TRUE, TRUE, FALSE, FALSE, FALSE, FALSE, FALSE, 
    FALSE, TRUE, TRUE, TRUE, TRUE, TRUE), .Names = c("handle_A1", 
    "handle_A2", "handle_A3", "handle_A4", "handle_A5", "handle_A6", 
    "handle_A7", "handle_A8", "handle_A9", "handle_A10", "handle_A11", 
    "handle_A12", "handle_A13", "handle_A14", "handle_A15", "handle_A16", 
    "handle_A17", "handle_A18", "handle_A19", "handle_A20", "handle_A21", 
    "handle_A22", "handle_A23", "handle_A24", "handle_A25", "handle_A26", 
    "handle_A27", "handle_A28", "handle_A29", "handle_A30", "handle_A31", 
    "handle_A32", "handle_A33", "handle_A34", "handle_A35", "handle_A36", 
    "handle_A37", "handle_A38", "handle_A39", "handle_A40", "handle_A41", 
    "handle_A42", "handle_A43", "handle_A44", "node1", "node2", 
    "node3", "node4", "node5", "node6", "node7", "node8", "node9", 
    "node10", "node11", "node12", "node13", "node14", "node15", 
    "node16", "node17", "node18", "node19", "node20", "node21", 
    "node22", "node23", "node24", "node25", "node26", "node27", 
    "node28", "node29", "node30", "node31", "node32", "node33", 
    "node34", "node35", "node36", "node37", "node38", "node39", 
    "node40", "node41", "node42", "node43", "node44"))), .Names = c("Mver", 
"xver", "Mhor", "xhor", "Mrot", "exact_h", "exact_v", "mcdonalds", 
"celtic", "reefknot", "center_crossing", "indep"))), .Names = c("minsymvec", 
"overunderobj", "symobj"), class = "knot")
