`k9_31` <- 
structure(list(minsymvec = structure(c(-9.14585607737914, -176.693993574319, 
-413.437524046174, -366.715271726256, -145.74703028775, -171.513367816983, 
-137.780429502452, -8.07186195030934, -203.367075092228, -365.384472264002, 
-357.967960579888, -99.1904751058752, -190.063302134677, -111.590702598776, 
3.30252547901536, 245.872301309649, 114.070877580521, -122.044811111587, 
-218.998578990347, -306.363427189666, -188.390541225033, -12.1397887633206, 
-78.6484635566883, -256.752540857388, -425.458415684704, -279.141241261503, 
-148.334596623905, -169.831577304387, -71.7533520761372, -268.749944162638, 
-370.865500994008, -278.331787775292, -150.456797222071, -76.4827292704656, 
88.4710779348411, 227.177018432449, 13.8870467011081, -190.909041749259, 
-390.121712253251, -254.363495817986, -276.691486769752, -134.297988099537, 
61.5769302656272, 166.904832963918), .Names = c("handle_A5", 
"handle_A6", "handle_A7", "handle_A8", "handle_A9", "handle_A10", 
"handle_A11", "handle_A18", "handle_A19", "handle_A20", "handle_A21", 
"handle_A22", "handle_A27", "handle_A28", "handle_A29", "handle_A30", 
"handle_A31", "handle_A32", "handle_A40", "handle_A41", "handle_A42", 
"handle_A43", "node5", "node6", "node7", "node8", "node9", "node10", 
"node18", "node19", "node20", "node21", "node27", "node28", "node29", 
"node30", "node31", "node32", "node33", "node40", "node41", "node42", 
"node43", "node44"), class = "minsymvec"), overunderobj = structure(c(14, 
2, 12, 5, 10, 7, 22, 19, 17, 1, 16, 4, 18, 6, 21, 9, 11, 13), .Dim = c(9L, 
2L)), symobj = structure(list(Mver = structure(c(7, 8, 21, 20, 
6, 9, 5, 10, 18, 19, 15, 14, 1, 2, 16, 13, 17, 12, 4, 3), .Dim = c(10L, 
2L)), xver = c(11, 22), Mhor = NULL, xhor = NULL, Mrot = NULL, 
    exact_h = NULL, exact_v = NULL, mcdonalds = FALSE, celtic = FALSE, 
    reefknot = FALSE, center_crossing = FALSE, indep = structure(c(FALSE, 
    FALSE, FALSE, FALSE, TRUE, TRUE, TRUE, TRUE, TRUE, TRUE, 
    TRUE, FALSE, FALSE, FALSE, FALSE, FALSE, FALSE, TRUE, TRUE, 
    TRUE, TRUE, TRUE, FALSE, FALSE, FALSE, FALSE, TRUE, TRUE, 
    TRUE, TRUE, TRUE, TRUE, FALSE, FALSE, FALSE, FALSE, FALSE, 
    FALSE, FALSE, TRUE, TRUE, TRUE, TRUE, FALSE, FALSE, FALSE, 
    FALSE, FALSE, TRUE, TRUE, TRUE, TRUE, TRUE, TRUE, FALSE, 
    FALSE, FALSE, FALSE, FALSE, FALSE, FALSE, TRUE, TRUE, TRUE, 
    TRUE, FALSE, FALSE, FALSE, FALSE, FALSE, TRUE, TRUE, TRUE, 
    TRUE, TRUE, TRUE, TRUE, FALSE, FALSE, FALSE, FALSE, FALSE, 
    FALSE, TRUE, TRUE, TRUE, TRUE, TRUE), .Names = c("handle_A1", 
    "handle_A2", "handle_A3", "handle_A4", "handle_A5", "handle_A6", 
    "handle_A7", "handle_A8", "handle_A9", "handle_A10", "handle_A11", 
    "handle_A12", "handle_A13", "handle_A14", "handle_A15", "handle_A16", 
    "handle_A17", "handle_A18", "handle_A19", "handle_A20", "handle_A21", 
    "handle_A22", "handle_A23", "handle_A24", "handle_A25", "handle_A26", 
    "handle_A27", "handle_A28", "handle_A29", "handle_A30", "handle_A31", 
    "handle_A32", "handle_A33", "handle_A34", "handle_A35", "handle_A36", 
    "handle_A37", "handle_A38", "handle_A39", "handle_A40", "handle_A41", 
    "handle_A42", "handle_A43", "handle_A44", "node1", "node2", 
    "node3", "node4", "node5", "node6", "node7", "node8", "node9", 
    "node10", "node11", "node12", "node13", "node14", "node15", 
    "node16", "node17", "node18", "node19", "node20", "node21", 
    "node22", "node23", "node24", "node25", "node26", "node27", 
    "node28", "node29", "node30", "node31", "node32", "node33", 
    "node34", "node35", "node36", "node37", "node38", "node39", 
    "node40", "node41", "node42", "node43", "node44"))), .Names = c("Mver", 
"xver", "Mhor", "xhor", "Mrot", "exact_h", "exact_v", "mcdonalds", 
"celtic", "reefknot", "center_crossing", "indep"))), .Names = c("minsymvec", 
"overunderobj", "symobj"), class = "knot")
