`k9_32` <-	
structure(list(minsymvec = structure(c(195.869830955934, 237.795915066974, 
194.292768618631, 96.4726391498608, -144.521331226449, -387.542808635309, 
-386.775565397535, -308.801992060987, -230.372251885006, -126.251911246536, 
-25.1735104149151, 42.2032392699358, -12.8373733781419, -140.696325323338, 
-387.362308094191, -474.208889178534, -392.324848110355, -214.940639515305, 
-191.429387428839, -118.895469334325, -30.4423593644887, 29.5809476276603, 
109.18200391921, 203.426545586067, 305.025933030532, 300.677802563332, 
90.3547462493888, -117.863645338024, -238.756568849524, -220.147137033734, 
-178.731806965226, -95.8456492174628, 116.281064068416, -188.845711051242, 
-216.00091235543, -182.943493576116, 36.2356496624755, 14.4198422163084, 
-246.533014042057, -309.410598660469, -323.416731641013, -238.721563032503, 
-219.881313744252, -265.671684756104, -423.384907413592, -547.173316324599, 
-517.378249292846, -312.789751001834, -202.452241586853, -188.524836704843, 
-204.893068852947, -265.820047916221, -284.18005102793, -271.900639296393, 
-174.578875011208, -131.934671540667, -134.083740828015, -412.047523785602, 
-505.309950701671, -306.469861473154, -138.882215076741, -69.9265178428098, 
55.5070707893973, 263.21961094523, 229.358272279604, 155.399905765382, 
-13.0160366818111, -220.872865938911, -420.005411584861, -359.894477978727, 
-288.712679873817, -180.120588974928, -89.6913346378381, -12.6665145239327, 
33.9099220725406, -61.0577457623698, -220.950593271463, -434.132391757762, 
-454.345878495734, -324.949218953103, -191.407796539436, -159.312833595162, 
-87.1487315012664, -22.1394185202602, 67.6954412567904, 141.30552074778, 
211.954488339001, 331.862503774625, 242.474346676595, -173.482393037839, 
-241.573864062256, -201.204481592916, -162.207280067254, -21.6954433889342, 
-5.7053636397784, -194.325140993226, -210.286128026661, -91.7249382536259, 
46.0096753561203, -80.0796963774128, -272.403013887029, -314.388935114114, 
-293.105112794718, -223.108633514416, -227.33126024973, -328.405968989753, 
-464.310347471229, -553.515345454867, -448.170962253955, -272.49221531326, 
-186.026887498188, -204.908041251064, -227.252255541602, -277.195783585896, 
-282.577804122159, -232.277108886975, -153.17360828031, -132.10965541293, 
-229.998485939091, -464.127137955264, -561.586050668623, -431.637656048217, 
-248.056783375367, -106.60462884215, -45.2591364748765, 83.9108854092218
), .Names = c("handle_A1", "handle_A2", "handle_A3", "handle_A4", 
"handle_A5", "handle_A6", "handle_A7", "handle_A8", "handle_A9", 
"handle_A10", "handle_A11", "handle_A12", "handle_A13", "handle_A14", 
"handle_A15", "handle_A16", "handle_A17", "handle_A18", "handle_A19", 
"handle_A20", "handle_A21", "handle_A22", "handle_A23", "handle_A24", 
"handle_A25", "handle_A26", "handle_A27", "handle_A28", "handle_A29", 
"handle_A30", "handle_A31", "handle_A32", "handle_A33", "handle_A34", 
"handle_A35", "handle_A36", "handle_A37", "handle_A38", "handle_A39", 
"handle_A40", "handle_A41", "handle_A42", "handle_A43", "handle_A44", 
"handle_A45", "handle_A46", "handle_A47", "handle_A48", "handle_A49", 
"handle_A50", "handle_A51", "handle_A52", "handle_A53", "handle_A54", 
"handle_A55", "handle_A56", "handle_A57", "handle_A58", "handle_A60", 
"handle_A61", "handle_A62", "handle_A63", "handle_A64", "node1", 
"node2", "node3", "node4", "node5", "node6", "node7", "node8", 
"node9", "node10", "node11", "node12", "node13", "node14", "node15", 
"node16", "node17", "node18", "node19", "node20", "node21", "node22", 
"node23", "node24", "node25", "node26", "node28", "node29", "node30", 
"node31", "node32", "node33", "node34", "node35", "node36", "node37", 
"node38", "node39", "node40", "node41", "node42", "node43", "node44", 
"node45", "node46", "node47", "node48", "node49", "node50", "node51", 
"node52", "node53", "node54", "node55", "node56", "node57", "node58", 
"node59", "node60", "node61", "node62", "node63", "node64"), class = "minsymvec"), 
    overunderobj = structure(c(2, 23, 5, 17, 9, 20, 12, 28, 30, 
    25, 4, 32, 7, 29, 10, 22, 14, 18), .Dim = c(9L, 2L)), symobj = structure(list(
        Mver = NULL, xver = 27, Mhor = NULL, xhor = NULL, Mrot = NULL, 
        exact_h = NULL, exact_v = NULL, mcdonalds = FALSE, celtic = FALSE, 
        reefknot = FALSE, center_crossing = FALSE, indep = structure(c(TRUE, 
        TRUE, TRUE, TRUE, TRUE, TRUE, TRUE, TRUE, TRUE, TRUE, 
        TRUE, TRUE, TRUE, TRUE, TRUE, TRUE, TRUE, TRUE, TRUE, 
        TRUE, TRUE, TRUE, TRUE, TRUE, TRUE, TRUE, TRUE, TRUE, 
        TRUE, TRUE, TRUE, TRUE, TRUE, TRUE, TRUE, TRUE, TRUE, 
        TRUE, TRUE, TRUE, TRUE, TRUE, TRUE, TRUE, TRUE, TRUE, 
        TRUE, TRUE, TRUE, TRUE, TRUE, TRUE, TRUE, TRUE, TRUE, 
        TRUE, TRUE, TRUE, FALSE, TRUE, TRUE, TRUE, TRUE, TRUE, 
        TRUE, TRUE, TRUE, TRUE, TRUE, TRUE, TRUE, TRUE, TRUE, 
        TRUE, TRUE, TRUE, TRUE, TRUE, TRUE, TRUE, TRUE, TRUE, 
        TRUE, TRUE, TRUE, TRUE, TRUE, TRUE, TRUE, TRUE, FALSE, 
        TRUE, TRUE, TRUE, TRUE, TRUE, TRUE, TRUE, TRUE, TRUE, 
        TRUE, TRUE, TRUE, TRUE, TRUE, TRUE, TRUE, TRUE, TRUE, 
        TRUE, TRUE, TRUE, TRUE, TRUE, TRUE, TRUE, TRUE, TRUE, 
        TRUE, TRUE, TRUE, TRUE, TRUE, TRUE, TRUE, TRUE, TRUE, 
        TRUE), .Names = c("handle_A1", "handle_A2", "handle_A3", 
        "handle_A4", "handle_A5", "handle_A6", "handle_A7", "handle_A8", 
        "handle_A9", "handle_A10", "handle_A11", "handle_A12", 
        "handle_A13", "handle_A14", "handle_A15", "handle_A16", 
        "handle_A17", "handle_A18", "handle_A19", "handle_A20", 
        "handle_A21", "handle_A22", "handle_A23", "handle_A24", 
        "handle_A25", "handle_A26", "handle_A27", "handle_A28", 
        "handle_A29", "handle_A30", "handle_A31", "handle_A32", 
        "handle_A33", "handle_A34", "handle_A35", "handle_A36", 
        "handle_A37", "handle_A38", "handle_A39", "handle_A40", 
        "handle_A41", "handle_A42", "handle_A43", "handle_A44", 
        "handle_A45", "handle_A46", "handle_A47", "handle_A48", 
        "handle_A49", "handle_A50", "handle_A51", "handle_A52", 
        "handle_A53", "handle_A54", "handle_A55", "handle_A56", 
        "handle_A57", "handle_A58", "handle_A59", "handle_A60", 
        "handle_A61", "handle_A62", "handle_A63", "handle_A64", 
        "node1", "node2", "node3", "node4", "node5", "node6", 
        "node7", "node8", "node9", "node10", "node11", "node12", 
        "node13", "node14", "node15", "node16", "node17", "node18", 
        "node19", "node20", "node21", "node22", "node23", "node24", 
        "node25", "node26", "node27", "node28", "node29", "node30", 
        "node31", "node32", "node33", "node34", "node35", "node36", 
        "node37", "node38", "node39", "node40", "node41", "node42", 
        "node43", "node44", "node45", "node46", "node47", "node48", 
        "node49", "node50", "node51", "node52", "node53", "node54", 
        "node55", "node56", "node57", "node58", "node59", "node60", 
        "node61", "node62", "node63", "node64"))), .Names = c("Mver", 
    "xver", "Mhor", "xhor", "Mrot", "exact_h", "exact_v", "mcdonalds", 
    "celtic", "reefknot", "center_crossing", "indep"))), .Names = c("minsymvec", 
"overunderobj", "symobj"), class = "knot")
