`k9_32` <- 
structure(list(minsymvec = structure(c(190.153578072515, 239.409426972368, 
193.416387216208, 81.1918929775799, -160.859027095504, -380.876102774841, 
-387.209567960165, -310.549353302062, -231.197940342498, -124.312521872699, 
-28.2292851927282, 41.2535145429496, -7.98283146041797, -134.396218575822, 
-381.35582767217, -473.951243550988, -386.554248389494, -215.016018897608, 
-191.614802860317, -116.339784764248, -31.5094227505857, 27.3337641820954, 
111.787720483903, 205.276513160513, 307.459443615219, 309.040658496928, 
77.4576777071296, -122.549179433116, -245.552998919443, -222.205779888487, 
-180.717857028166, -89.2243257422734, 120.1157003019, -189.010422335424, 
-213.776312825225, -183.17177736441, 41.1087401242758, 4.57709833695716, 
-244.307696887399, -309.260201888621, -320.380532814838, -242.111125110798, 
-220.525089286844, -264.314283381677, -426.278819630058, -543.863188084502, 
-514.0710869551, -313.046426061363, -187.251239709684, -188.624784838152, 
-205.076248596846, -263.825836828817, -284.932289861519, -272.77854442459, 
-176.78634639293, -132.411053915524, -132.975838647777, -408.2935766483, 
-491.851298422737, -299.733619523779, -137.369231505163, -68.4678134174408, 
51.1266134838047, 264.415274098448, 229.097246333582, 157.202680011126, 
-10.0308570503019, -233.376001490478, -410.776567422954, -362.205331966261, 
-288.232900662289, -184.321749916478, -89.6690827993603, -12.3929293165502, 
37.5949499822471, -44.092857675199, -216.416448989274, -429.098275780051, 
-454.009572998238, -322.770793917546, -191.465976624244, -159.59640305668, 
-85.7488257210101, -20.6599530080345, 66.0475394454191, 144.248217253973, 
214.550905717139, 336.264954905467, 246.238080160462, -175.773463083391, 
-246.280418008001, -204.285211375636, -161.673687339817, -17.1592536262915, 
-4.21785804249662, -195.004474013705, -209.002730770702, -92.8608456597074, 
42.9486315823571, -84.3794034035511, -270.433569748697, -313.890809619356, 
-292.393833251045, -227.461152524555, -228.788490918033, -324.399952873493, 
-459.747326431664, -548.694146989674, -447.517793722801, -268.591807291987, 
-176.141563308292, -205.180244874655, -227.585050781126, -275.82069625722, 
-283.020264547839, -233.506910039533, -154.796487187906, -132.462189629271, 
-227.439213547697, -458.763015753066, -543.331875579408, -425.688452350768, 
-243.370498089198, -106.983144927441, -42.9647364742456, 79.2205841949654
), .Names = c("handle_A1", "handle_A2", "handle_A3", "handle_A4", 
"handle_A5", "handle_A6", "handle_A7", "handle_A8", "handle_A9", 
"handle_A10", "handle_A11", "handle_A12", "handle_A13", "handle_A14", 
"handle_A15", "handle_A16", "handle_A17", "handle_A18", "handle_A19", 
"handle_A20", "handle_A21", "handle_A22", "handle_A23", "handle_A24", 
"handle_A25", "handle_A26", "handle_A27", "handle_A28", "handle_A29", 
"handle_A30", "handle_A31", "handle_A32", "handle_A33", "handle_A34", 
"handle_A35", "handle_A36", "handle_A37", "handle_A38", "handle_A39", 
"handle_A40", "handle_A41", "handle_A42", "handle_A43", "handle_A44", 
"handle_A45", "handle_A46", "handle_A47", "handle_A48", "handle_A49", 
"handle_A50", "handle_A51", "handle_A52", "handle_A53", "handle_A54", 
"handle_A55", "handle_A56", "handle_A57", "handle_A58", "handle_A60", 
"handle_A61", "handle_A62", "handle_A63", "handle_A64", "node1", 
"node2", "node3", "node4", "node5", "node6", "node7", "node8", 
"node9", "node10", "node11", "node12", "node13", "node14", "node15", 
"node16", "node17", "node18", "node19", "node20", "node21", "node22", 
"node23", "node24", "node25", "node26", "node28", "node29", "node30", 
"node31", "node32", "node33", "node34", "node35", "node36", "node37", 
"node38", "node39", "node40", "node41", "node42", "node43", "node44", 
"node45", "node46", "node47", "node48", "node49", "node50", "node51", 
"node52", "node53", "node54", "node55", "node56", "node57", "node58", 
"node59", "node60", "node61", "node62", "node63", "node64"), class = "minsymvec"), 
    overunderobj = structure(c(2, 23, 5, 17, 9, 20, 12, 28, 30, 
    25, 4, 32, 7, 29, 10, 22, 14, 18), .Dim = c(9L, 2L)), symobj = structure(list(
        Mver = NULL, xver = 27, Mhor = NULL, xhor = NULL, Mrot = NULL, 
        exact_h = NULL, exact_v = NULL, mcdonalds = FALSE, celtic = FALSE, 
        reefknot = FALSE, center_crossing = FALSE, indep = structure(c(TRUE, 
        TRUE, TRUE, TRUE, TRUE, TRUE, TRUE, TRUE, TRUE, TRUE, 
        TRUE, TRUE, TRUE, TRUE, TRUE, TRUE, TRUE, TRUE, TRUE, 
        TRUE, TRUE, TRUE, TRUE, TRUE, TRUE, TRUE, TRUE, TRUE, 
        TRUE, TRUE, TRUE, TRUE, TRUE, TRUE, TRUE, TRUE, TRUE, 
        TRUE, TRUE, TRUE, TRUE, TRUE, TRUE, TRUE, TRUE, TRUE, 
        TRUE, TRUE, TRUE, TRUE, TRUE, TRUE, TRUE, TRUE, TRUE, 
        TRUE, TRUE, TRUE, FALSE, TRUE, TRUE, TRUE, TRUE, TRUE, 
        TRUE, TRUE, TRUE, TRUE, TRUE, TRUE, TRUE, TRUE, TRUE, 
        TRUE, TRUE, TRUE, TRUE, TRUE, TRUE, TRUE, TRUE, TRUE, 
        TRUE, TRUE, TRUE, TRUE, TRUE, TRUE, TRUE, TRUE, FALSE, 
        TRUE, TRUE, TRUE, TRUE, TRUE, TRUE, TRUE, TRUE, TRUE, 
        TRUE, TRUE, TRUE, TRUE, TRUE, TRUE, TRUE, TRUE, TRUE, 
        TRUE, TRUE, TRUE, TRUE, TRUE, TRUE, TRUE, TRUE, TRUE, 
        TRUE, TRUE, TRUE, TRUE, TRUE, TRUE, TRUE, TRUE, TRUE, 
        TRUE), .Names = c("handle_A1", "handle_A2", "handle_A3", 
        "handle_A4", "handle_A5", "handle_A6", "handle_A7", "handle_A8", 
        "handle_A9", "handle_A10", "handle_A11", "handle_A12", 
        "handle_A13", "handle_A14", "handle_A15", "handle_A16", 
        "handle_A17", "handle_A18", "handle_A19", "handle_A20", 
        "handle_A21", "handle_A22", "handle_A23", "handle_A24", 
        "handle_A25", "handle_A26", "handle_A27", "handle_A28", 
        "handle_A29", "handle_A30", "handle_A31", "handle_A32", 
        "handle_A33", "handle_A34", "handle_A35", "handle_A36", 
        "handle_A37", "handle_A38", "handle_A39", "handle_A40", 
        "handle_A41", "handle_A42", "handle_A43", "handle_A44", 
        "handle_A45", "handle_A46", "handle_A47", "handle_A48", 
        "handle_A49", "handle_A50", "handle_A51", "handle_A52", 
        "handle_A53", "handle_A54", "handle_A55", "handle_A56", 
        "handle_A57", "handle_A58", "handle_A59", "handle_A60", 
        "handle_A61", "handle_A62", "handle_A63", "handle_A64", 
        "node1", "node2", "node3", "node4", "node5", "node6", 
        "node7", "node8", "node9", "node10", "node11", "node12", 
        "node13", "node14", "node15", "node16", "node17", "node18", 
        "node19", "node20", "node21", "node22", "node23", "node24", 
        "node25", "node26", "node27", "node28", "node29", "node30", 
        "node31", "node32", "node33", "node34", "node35", "node36", 
        "node37", "node38", "node39", "node40", "node41", "node42", 
        "node43", "node44", "node45", "node46", "node47", "node48", 
        "node49", "node50", "node51", "node52", "node53", "node54", 
        "node55", "node56", "node57", "node58", "node59", "node60", 
        "node61", "node62", "node63", "node64"))), .Names = c("Mver", 
    "xver", "Mhor", "xhor", "Mrot", "exact_h", "exact_v", "mcdonalds", 
    "celtic", "reefknot", "center_crossing", "indep"))), .Names = c("minsymvec", 
"overunderobj", "symobj"), class = "knot")
