`k9_33` <-	
structure(list(minsymvec = structure(c(-92.2431435179112, -164.722121260071, 
-133.789961288195, -111.578712029753, -87.748716982891, -32.2266610164606, 
218.950696157491, 175.074584719826, 138.477629767606, 31.8031794240465, 
-183.619921648815, -231.576316624037, -233.718335298804, -108.628039057343, 
41.0368796517362, 283.749034232851, 334.176745785747, 309.372903483275, 
143.095106456861, 36.424357545225, 22.4158147632836, 30.1147125523492, 
-84.3372423114965, -335.737511772042, -356.410171303645, -313.727211723314, 
-154.93034381823, 62.6787113358126, 158.423664202814, 194.323506918206, 
16.1396496381473, -792.627826851567, -511.338456830738, -379.209655648224, 
-183.855951962501, -111.813070594174, -7.50078915470634, -65.2110054790406, 
-315.432623465234, -352.003606576726, -399.474627597357, -386.963950359404, 
-316.544766713982, -251.346549060601, -205.513670733704, -209.51216560043, 
-291.820284880497, -543.801315758542, -606.718849082866, -673.766749908391, 
-521.207892683178, -391.055690352925, -189.259101997983, 1.13854360685485, 
-128.19271512362, -355.242784661075, -462.507133186437, -542.582375595063, 
-519.411864982383, -588.644447343119, -672.884415283858, -140.486146900588, 
-155.702608734221, -121.985821752232, -102.965674596723, -81.9001361402129, 
55.6532448060796, 231.291770356367, 166.715242210481, 104.636834148275, 
-55.9747250144701, -205.53646382234, -232.406152972974, -191.1313300409, 
-42.5962646157058, 117.196855028048, 323.342019336986, 330.492962381541, 
263.310938598465, 85.6938515219938, 33.8385746240898, 20.2226431352612, 
2.93344082497281, -181.249902142866, -355.174280575773, -346.611503247829, 
-260.951059562103, -59.9675552096108, 103.191414098034, 162.463080380623, 
143.425129952477, -702.509624967642, -464.410675405609, -294.503993170731, 
-154.169834150728, -100.828856812203, -3.09076780054189, -155.501209390541, 
-323.925001134392, -370.229344253314, -404.468264362975, -363.965641086076, 
-304.59721535319, -222.630521736765, -211.933832667172, -228.814169232577, 
-381.00723747058, -553.231761184721, -636.583046126612, -624.735175742696, 
-458.220991312687, -305.2204295277, -126.949233528884, -19.5031028779751, 
-209.025989989791, -382.882485664812, -499.8244749075, -535.66822638677, 
-538.267142931973, -597.848155071777, -733.977370986446, -795.524206545188
), .Names = c("handle_A1", "handle_A2", "handle_A3", "handle_A4", 
"handle_A5", "handle_A6", "handle_A7", "handle_A8", "handle_A9", 
"handle_A10", "handle_A11", "handle_A12", "handle_A13", "handle_A14", 
"handle_A15", "handle_A16", "handle_A17", "handle_A18", "handle_A19", 
"handle_A20", "handle_A21", "handle_A22", "handle_A23", "handle_A24", 
"handle_A25", "handle_A26", "handle_A27", "handle_A28", "handle_A29", 
"handle_A30", "handle_A31", "handle_A32", "handle_A33", "handle_A34", 
"handle_A35", "handle_A36", "handle_A37", "handle_A38", "handle_A39", 
"handle_A40", "handle_A41", "handle_A42", "handle_A43", "handle_A44", 
"handle_A45", "handle_A46", "handle_A47", "handle_A48", "handle_A49", 
"handle_A50", "handle_A51", "handle_A52", "handle_A53", "handle_A54", 
"handle_A55", "handle_A56", "handle_A57", "handle_A58", "handle_A59", 
"handle_A60", "handle_A61", "node1", "node2", "node3", "node4", 
"node5", "node6", "node7", "node8", "node9", "node10", "node11", 
"node12", "node13", "node14", "node15", "node16", "node17", "node18", 
"node19", "node20", "node21", "node22", "node23", "node24", "node25", 
"node26", "node27", "node28", "node29", "node30", "node32", "node33", 
"node34", "node35", "node36", "node37", "node38", "node39", "node40", 
"node41", "node42", "node43", "node44", "node45", "node46", "node47", 
"node48", "node49", "node50", "node51", "node52", "node53", "node54", 
"node55", "node56", "node57", "node58", "node59", "node60", "node61", 
"node62"), class = "minsymvec"), overunderobj = structure(c(6, 
22, 10, 20, 30, 16, 14, 3, 27, 23, 15, 21, 28, 19, 8, 4, 11, 
2), .Dim = c(9L, 2L)), symobj = structure(list(Mver = NULL, xver = 31, 
    Mhor = NULL, xhor = NULL, Mrot = NULL, exact_h = NULL, exact_v = NULL, 
    mcdonalds = FALSE, celtic = FALSE, reefknot = FALSE, center_crossing = FALSE, 
    indep = structure(c(TRUE, TRUE, TRUE, TRUE, TRUE, TRUE, TRUE, 
    TRUE, TRUE, TRUE, TRUE, TRUE, TRUE, TRUE, TRUE, TRUE, TRUE, 
    TRUE, TRUE, TRUE, TRUE, TRUE, TRUE, TRUE, TRUE, TRUE, TRUE, 
    TRUE, TRUE, TRUE, TRUE, TRUE, TRUE, TRUE, TRUE, TRUE, TRUE, 
    TRUE, TRUE, TRUE, TRUE, TRUE, TRUE, TRUE, TRUE, TRUE, TRUE, 
    TRUE, TRUE, TRUE, TRUE, TRUE, TRUE, TRUE, TRUE, TRUE, TRUE, 
    TRUE, TRUE, TRUE, TRUE, FALSE, TRUE, TRUE, TRUE, TRUE, TRUE, 
    TRUE, TRUE, TRUE, TRUE, TRUE, TRUE, TRUE, TRUE, TRUE, TRUE, 
    TRUE, TRUE, TRUE, TRUE, TRUE, TRUE, TRUE, TRUE, TRUE, TRUE, 
    TRUE, TRUE, TRUE, TRUE, TRUE, FALSE, TRUE, TRUE, TRUE, TRUE, 
    TRUE, TRUE, TRUE, TRUE, TRUE, TRUE, TRUE, TRUE, TRUE, TRUE, 
    TRUE, TRUE, TRUE, TRUE, TRUE, TRUE, TRUE, TRUE, TRUE, TRUE, 
    TRUE, TRUE, TRUE, TRUE, TRUE, TRUE, TRUE), .Names = c("handle_A1", 
    "handle_A2", "handle_A3", "handle_A4", "handle_A5", "handle_A6", 
    "handle_A7", "handle_A8", "handle_A9", "handle_A10", "handle_A11", 
    "handle_A12", "handle_A13", "handle_A14", "handle_A15", "handle_A16", 
    "handle_A17", "handle_A18", "handle_A19", "handle_A20", "handle_A21", 
    "handle_A22", "handle_A23", "handle_A24", "handle_A25", "handle_A26", 
    "handle_A27", "handle_A28", "handle_A29", "handle_A30", "handle_A31", 
    "handle_A32", "handle_A33", "handle_A34", "handle_A35", "handle_A36", 
    "handle_A37", "handle_A38", "handle_A39", "handle_A40", "handle_A41", 
    "handle_A42", "handle_A43", "handle_A44", "handle_A45", "handle_A46", 
    "handle_A47", "handle_A48", "handle_A49", "handle_A50", "handle_A51", 
    "handle_A52", "handle_A53", "handle_A54", "handle_A55", "handle_A56", 
    "handle_A57", "handle_A58", "handle_A59", "handle_A60", "handle_A61", 
    "handle_A62", "node1", "node2", "node3", "node4", "node5", 
    "node6", "node7", "node8", "node9", "node10", "node11", "node12", 
    "node13", "node14", "node15", "node16", "node17", "node18", 
    "node19", "node20", "node21", "node22", "node23", "node24", 
    "node25", "node26", "node27", "node28", "node29", "node30", 
    "node31", "node32", "node33", "node34", "node35", "node36", 
    "node37", "node38", "node39", "node40", "node41", "node42", 
    "node43", "node44", "node45", "node46", "node47", "node48", 
    "node49", "node50", "node51", "node52", "node53", "node54", 
    "node55", "node56", "node57", "node58", "node59", "node60", 
    "node61", "node62"))), .Names = c("Mver", "xver", "Mhor", 
"xhor", "Mrot", "exact_h", "exact_v", "mcdonalds", "celtic", 
"reefknot", "center_crossing", "indep"))), .Names = c("minsymvec", 
"overunderobj", "symobj"), class = "knot")
