`k9_33` <-
structure(list(minsymvec = structure(c(-93.8775106323536, -176.767035195995, 
-152.105191926403, -118.106045212425, -92.1213906369737, -30.9866241973517, 
212.915832469738, 178.598477821675, 134.200205504196, 24.5444751705342, 
-198.968747345861, -236.243463610658, -230.922943670144, -118.655709369926, 
59.2391117540548, 266.900908808462, 329.357548380062, 309.304926830966, 
141.668857209753, 26.868351259313, 21.8943294985866, 28.914382174029, 
-83.615341283933, -338.382981717835, -355.959756582787, -323.641390791475, 
-173.819193528623, 52.7306480014583, 142.537917525424, 186.353751898152, 
14.0100914762894, -805.466007464849, -497.657336968062, -386.250304140757, 
-166.178548170984, -106.892681864818, -15.0673556284418, -70.3026751702416, 
-316.151337247838, -358.641876414689, -411.196618636494, -381.452044825704, 
-299.129492750373, -247.763073441515, -194.64086588229, -206.525895075632, 
-296.085841889068, -531.676496248032, -604.543521058472, -689.848407653878, 
-527.348785564634, -385.902881639867, -176.239206841767, -1.40673368487571, 
-135.568477787212, -350.948661208395, -440.74921256756, -538.001327120374, 
-540.652730705365, -595.593151212996, -683.789198933683, -146.259417805155, 
-170.285542047549, -137.937885608601, -109.414478984622, -85.496108526634, 
53.249780955735, 227.291889369178, 165.647784070444, 105.828035264498, 
-67.2707017900899, -218.259619123978, -235.510670113715, -195.933854910183, 
-49.1090276603761, 123.287754329314, 307.244396626229, 326.228421940761, 
263.157575966093, 83.5827323734608, 26.0411437378002, 23.5085528361614, 
2.90929481192449, -183.086136106924, -356.448162910687, -349.470345557224, 
-274.825386133113, -76.4322869532696, 89.0570166700953, 150.570032287143, 
138.124916140262, -709.551708372902, -460.947291871069, -287.980762521861, 
-143.581537792924, -96.936554660188, -12.4776634564634, -160.227538397501, 
-329.282290693363, -374.094911111202, -411.062260813281, -353.641699984673, 
-290.657064219064, -221.676436880528, -200.308896516491, -229.239778905099, 
-379.162863945366, -543.394840135654, -640.637366413118, -642.004176519021, 
-470.306049936237, -303.114082236132, -121.356868063285, -23.5927038295757, 
-212.202087899811, -370.302360532406, -482.559943940653, -539.85985641572, 
-556.182387274905, -610.135122238021, -745.274278662195, -807.092123071743
), .Names = c("handle_A1", "handle_A2", "handle_A3", "handle_A4", 
"handle_A5", "handle_A6", "handle_A7", "handle_A8", "handle_A9", 
"handle_A10", "handle_A11", "handle_A12", "handle_A13", "handle_A14", 
"handle_A15", "handle_A16", "handle_A17", "handle_A18", "handle_A19", 
"handle_A20", "handle_A21", "handle_A22", "handle_A23", "handle_A24", 
"handle_A25", "handle_A26", "handle_A27", "handle_A28", "handle_A29", 
"handle_A30", "handle_A31", "handle_A32", "handle_A33", "handle_A34", 
"handle_A35", "handle_A36", "handle_A37", "handle_A38", "handle_A39", 
"handle_A40", "handle_A41", "handle_A42", "handle_A43", "handle_A44", 
"handle_A45", "handle_A46", "handle_A47", "handle_A48", "handle_A49", 
"handle_A50", "handle_A51", "handle_A52", "handle_A53", "handle_A54", 
"handle_A55", "handle_A56", "handle_A57", "handle_A58", "handle_A59", 
"handle_A60", "handle_A61", "node1", "node2", "node3", "node4", 
"node5", "node6", "node7", "node8", "node9", "node10", "node11", 
"node12", "node13", "node14", "node15", "node16", "node17", "node18", 
"node19", "node20", "node21", "node22", "node23", "node24", "node25", 
"node26", "node27", "node28", "node29", "node30", "node32", "node33", 
"node34", "node35", "node36", "node37", "node38", "node39", "node40", 
"node41", "node42", "node43", "node44", "node45", "node46", "node47", 
"node48", "node49", "node50", "node51", "node52", "node53", "node54", 
"node55", "node56", "node57", "node58", "node59", "node60", "node61", 
"node62"), class = "minsymvec"), overunderobj = structure(c(6, 
22, 10, 20, 30, 16, 14, 3, 27, 23, 15, 21, 28, 19, 8, 4, 11, 
2), .Dim = c(9L, 2L)), symobj = structure(list(Mver = NULL, xver = 31, 
    Mhor = NULL, xhor = NULL, Mrot = NULL, exact_h = NULL, exact_v = NULL, 
    mcdonalds = FALSE, celtic = FALSE, reefknot = FALSE, center_crossing = FALSE, 
    indep = structure(c(TRUE, TRUE, TRUE, TRUE, TRUE, TRUE, TRUE, 
    TRUE, TRUE, TRUE, TRUE, TRUE, TRUE, TRUE, TRUE, TRUE, TRUE, 
    TRUE, TRUE, TRUE, TRUE, TRUE, TRUE, TRUE, TRUE, TRUE, TRUE, 
    TRUE, TRUE, TRUE, TRUE, TRUE, TRUE, TRUE, TRUE, TRUE, TRUE, 
    TRUE, TRUE, TRUE, TRUE, TRUE, TRUE, TRUE, TRUE, TRUE, TRUE, 
    TRUE, TRUE, TRUE, TRUE, TRUE, TRUE, TRUE, TRUE, TRUE, TRUE, 
    TRUE, TRUE, TRUE, TRUE, FALSE, TRUE, TRUE, TRUE, TRUE, TRUE, 
    TRUE, TRUE, TRUE, TRUE, TRUE, TRUE, TRUE, TRUE, TRUE, TRUE, 
    TRUE, TRUE, TRUE, TRUE, TRUE, TRUE, TRUE, TRUE, TRUE, TRUE, 
    TRUE, TRUE, TRUE, TRUE, TRUE, FALSE, TRUE, TRUE, TRUE, TRUE, 
    TRUE, TRUE, TRUE, TRUE, TRUE, TRUE, TRUE, TRUE, TRUE, TRUE, 
    TRUE, TRUE, TRUE, TRUE, TRUE, TRUE, TRUE, TRUE, TRUE, TRUE, 
    TRUE, TRUE, TRUE, TRUE, TRUE, TRUE, TRUE), .Names = c("handle_A1", 
    "handle_A2", "handle_A3", "handle_A4", "handle_A5", "handle_A6", 
    "handle_A7", "handle_A8", "handle_A9", "handle_A10", "handle_A11", 
    "handle_A12", "handle_A13", "handle_A14", "handle_A15", "handle_A16", 
    "handle_A17", "handle_A18", "handle_A19", "handle_A20", "handle_A21", 
    "handle_A22", "handle_A23", "handle_A24", "handle_A25", "handle_A26", 
    "handle_A27", "handle_A28", "handle_A29", "handle_A30", "handle_A31", 
    "handle_A32", "handle_A33", "handle_A34", "handle_A35", "handle_A36", 
    "handle_A37", "handle_A38", "handle_A39", "handle_A40", "handle_A41", 
    "handle_A42", "handle_A43", "handle_A44", "handle_A45", "handle_A46", 
    "handle_A47", "handle_A48", "handle_A49", "handle_A50", "handle_A51", 
    "handle_A52", "handle_A53", "handle_A54", "handle_A55", "handle_A56", 
    "handle_A57", "handle_A58", "handle_A59", "handle_A60", "handle_A61", 
    "handle_A62", "node1", "node2", "node3", "node4", "node5", 
    "node6", "node7", "node8", "node9", "node10", "node11", "node12", 
    "node13", "node14", "node15", "node16", "node17", "node18", 
    "node19", "node20", "node21", "node22", "node23", "node24", 
    "node25", "node26", "node27", "node28", "node29", "node30", 
    "node31", "node32", "node33", "node34", "node35", "node36", 
    "node37", "node38", "node39", "node40", "node41", "node42", 
    "node43", "node44", "node45", "node46", "node47", "node48", 
    "node49", "node50", "node51", "node52", "node53", "node54", 
    "node55", "node56", "node57", "node58", "node59", "node60", 
    "node61", "node62"))), .Names = c("Mver", "xver", "Mhor", 
"xhor", "Mrot", "exact_h", "exact_v", "mcdonalds", "celtic", 
"reefknot", "center_crossing", "indep"))), .Names = c("minsymvec", 
"overunderobj", "symobj"), class = "knot")
