`k9_33` <-	
structure(list(minsymvec = structure(c(handle_A1 = -94.1474206890847, 
handle_A2 = -177.165662476279, handle_A3 = -152.534813613908, 
handle_A4 = -118.139969562031, handle_A5 = -91.9884085224227, 
handle_A6 = -30.6460874525333, handle_A7 = 212.827736899799, 
handle_A8 = 178.265388731256, handle_A9 = 133.596563992203, handle_A10 = 23.4799432572622, 
handle_A11 = -199.42782457216, handle_A12 = -236.390646304379, 
handle_A13 = -230.895219989832, handle_A14 = -118.687574690257, 
handle_A15 = 59.1415670948314, handle_A16 = 265.912335498365, 
handle_A17 = 328.932294519551, handle_A18 = 309.329098374217, 
handle_A19 = 140.80828186746, handle_A20 = 25.8121094942116, 
handle_A21 = 21.2762349175144, handle_A22 = 28.7754422209409, 
handle_A23 = -83.1991267604531, handle_A24 = -339.264751203818, 
handle_A25 = -355.821878847077, handle_A26 = -325.250730028789, 
handle_A27 = -174.933123483636, handle_A28 = 51.8947463172663, 
handle_A29 = 141.830686900696, handle_A30 = 185.611327743645, 
handle_A31 = 13.9994230860345, handle_A32 = -806.047027838466, 
handle_A33 = -496.903826134083, handle_A34 = -386.324866639568, 
handle_A35 = -165.990847838895, handle_A36 = -106.763974709084, 
handle_A37 = -14.9792245666519, handle_A38 = -70.8972592672696, 
handle_A39 = -316.464890096193, handle_A40 = -359.0824947284, 
handle_A41 = -411.440585188378, handle_A42 = -380.937556985715, 
handle_A43 = -298.445671756887, handle_A44 = -247.07458451842, 
handle_A45 = -194.498102460538, handle_A46 = -206.730664617401, 
handle_A47 = -296.87322251311, handle_A48 = -530.946321527791, 
handle_A49 = -604.371950517858, handle_A50 = -690.480415092849, 
handle_A51 = -527.606895367624, handle_A52 = -385.122940416044, 
handle_A53 = -176.157063639198, handle_A54 = -1.07294281911927, 
handle_A55 = -137.426046721833, handle_A56 = -350.799278803532, 
handle_A57 = -438.50274304252, handle_A58 = -537.72788429138, 
handle_A59 = -541.098773850963, handle_A60 = -596.216691563991, 
handle_A61 = -684.608347162863, node1 = -146.717244592934, node2 = -170.738984517073, 
node3 = -138.215910276997, node4 = -109.399194319022, node5 = -85.4300293383813, 
node6 = 53.6881757551154, node7 = 227.03424738023, node8 = 165.262062980585, 
node9 = 105.229249911435, node10 = -68.1254710160054, node11 = -218.601548928302, 
node12 = -235.630197315511, node13 = -195.852493147413, node14 = -49.2704357468945, 
node15 = 122.953234755826, node16 = 306.231675570865, node17 = 325.876434037085, 
node18 = 262.828597015175, node19 = 82.5563828753792, node20 = 25.1097025096659, 
node21 = 23.0673133520132, node22 = 2.97554394116221, node23 = -183.402350849862, 
node24 = -356.765533448879, node25 = -349.929154117225, node26 = -276.428174484272, 
node27 = -77.5545777915105, node28 = 88.2698427960186, node29 = 149.875292877854, 
node30 = 137.470876455049, node32 = -709.97190235664, node33 = -460.859992484412, 
node34 = -287.944220421715, node35 = -143.439953151009, node36 = -96.9469239246698, 
node37 = -12.7469087157552, node38 = -160.792581888501, node39 = -329.618076244783, 
node40 = -374.452311485183, node41 = -410.981773956869, node42 = -353.081158794933, 
node43 = -289.967820665462, node44 = -221.170332635825, node45 = -200.216966878566, 
node46 = -229.588508688658, node47 = -379.3305192097, node48 = -542.742352685244, 
node49 = -640.931715455628, node50 = -642.552065209039, node51 = -470.756090422304, 
node52 = -303.013459679723, node53 = -121.537719843295, node54 = -23.6508184331602, 
node55 = -213.259713224509, node56 = -368.728267623765, node57 = -481.050104092487, 
node58 = -539.885817119142, node59 = -556.709719544848, node60 = -610.813739056961, 
node61 = -746.034147265085, node62 = -807.698113396502), class = "minsymvec"), 
    overunderobj = structure(c(6, 22, 10, 20, 30, 16, 14, 3, 
    27, 23, 15, 21, 28, 19, 8, 4, 11, 2), .Dim = c(9L, 2L)), 
    symobj = list(Mver = NULL, xver = 31, Mhor = NULL, xhor = NULL, 
        Mrot = NULL, exact_h = NULL, exact_v = NULL, mcdonalds = FALSE, 
        celtic = FALSE, reefknot = FALSE, center_crossing = FALSE, 
        indep = c(handle_A1 = TRUE, handle_A2 = TRUE, handle_A3 = TRUE, 
        handle_A4 = TRUE, handle_A5 = TRUE, handle_A6 = TRUE, 
        handle_A7 = TRUE, handle_A8 = TRUE, handle_A9 = TRUE, 
        handle_A10 = TRUE, handle_A11 = TRUE, handle_A12 = TRUE, 
        handle_A13 = TRUE, handle_A14 = TRUE, handle_A15 = TRUE, 
        handle_A16 = TRUE, handle_A17 = TRUE, handle_A18 = TRUE, 
        handle_A19 = TRUE, handle_A20 = TRUE, handle_A21 = TRUE, 
        handle_A22 = TRUE, handle_A23 = TRUE, handle_A24 = TRUE, 
        handle_A25 = TRUE, handle_A26 = TRUE, handle_A27 = TRUE, 
        handle_A28 = TRUE, handle_A29 = TRUE, handle_A30 = TRUE, 
        handle_A31 = TRUE, handle_A32 = TRUE, handle_A33 = TRUE, 
        handle_A34 = TRUE, handle_A35 = TRUE, handle_A36 = TRUE, 
        handle_A37 = TRUE, handle_A38 = TRUE, handle_A39 = TRUE, 
        handle_A40 = TRUE, handle_A41 = TRUE, handle_A42 = TRUE, 
        handle_A43 = TRUE, handle_A44 = TRUE, handle_A45 = TRUE, 
        handle_A46 = TRUE, handle_A47 = TRUE, handle_A48 = TRUE, 
        handle_A49 = TRUE, handle_A50 = TRUE, handle_A51 = TRUE, 
        handle_A52 = TRUE, handle_A53 = TRUE, handle_A54 = TRUE, 
        handle_A55 = TRUE, handle_A56 = TRUE, handle_A57 = TRUE, 
        handle_A58 = TRUE, handle_A59 = TRUE, handle_A60 = TRUE, 
        handle_A61 = TRUE, handle_A62 = FALSE, node1 = TRUE, 
        node2 = TRUE, node3 = TRUE, node4 = TRUE, node5 = TRUE, 
        node6 = TRUE, node7 = TRUE, node8 = TRUE, node9 = TRUE, 
        node10 = TRUE, node11 = TRUE, node12 = TRUE, node13 = TRUE, 
        node14 = TRUE, node15 = TRUE, node16 = TRUE, node17 = TRUE, 
        node18 = TRUE, node19 = TRUE, node20 = TRUE, node21 = TRUE, 
        node22 = TRUE, node23 = TRUE, node24 = TRUE, node25 = TRUE, 
        node26 = TRUE, node27 = TRUE, node28 = TRUE, node29 = TRUE, 
        node30 = TRUE, node31 = FALSE, node32 = TRUE, node33 = TRUE, 
        node34 = TRUE, node35 = TRUE, node36 = TRUE, node37 = TRUE, 
        node38 = TRUE, node39 = TRUE, node40 = TRUE, node41 = TRUE, 
        node42 = TRUE, node43 = TRUE, node44 = TRUE, node45 = TRUE, 
        node46 = TRUE, node47 = TRUE, node48 = TRUE, node49 = TRUE, 
        node50 = TRUE, node51 = TRUE, node52 = TRUE, node53 = TRUE, 
        node54 = TRUE, node55 = TRUE, node56 = TRUE, node57 = TRUE, 
        node58 = TRUE, node59 = TRUE, node60 = TRUE, node61 = TRUE, 
        node62 = TRUE))), class = "knot")
