`k9_34` <-
structure(list(minsymvec = structure(c(-28.8869382278108, -43.9530899473886, 
14.0221696804991, -88.9345432550226, -162.368585800836, -147.190674578433, 
-89.0246302430177, 9.51826544104567, -225.857795628363, -369.895109640067, 
-368.939720654623, -141.807211411079, 17.559169071357, -73.5153225765486, 
-163.805983883725, -161.108532843349, -154.283044371159, -88.5530471636894, 
-490.439560300451, -436.293945800634, 73.1014117418067, -167.211469376409, 
-207.950970108965, -274.188382295619, -543.265594433066, -615.707494060988, 
-392.279795194677, -257.12196696946, -105.405779076912, -744.720199650364, 
-566.5630349965, -438.182039065492, -386.335786211253, -268.391222840996, 
-33.375565607589, -32.9278913522641, -142.399651656137, -158.956642115546, 
-128.821730740664, -44.0684475877793, -71.0994741242856, -296.07004661057, 
-370.13814879479, -301.10394378121, -81.0244688950394, -119.422963968154, 
-164.032249296231, -160.344592514014, -134.929098537727, -45.0758310762365, 
-476.643382648603, -403.342670766381, 73.7340617683618, -0.837477222548103, 
-176.634425468836, -232.396886529273, -312.045737769564, -573.52530891199, 
-549.9159663312, -368.985568896012, -180.639875213529, -125.420882414876, 
-747.321286694482, -693.045902102584, -514.316128306237, -432.382284793211, 
-341.681518885152, -222.238802987237), .Names = c("handle_A3", 
"handle_A4", "handle_A9", "handle_A10", "handle_A11", "handle_A12", 
"handle_A13", "handle_A16", "handle_A17", "handle_A18", "handle_A19", 
"handle_A20", "handle_A26", "handle_A27", "handle_A28", "handle_A29", 
"handle_A30", "handle_A31", "handle_A37", "handle_A38", "handle_A44", 
"handle_A45", "handle_A46", "handle_A47", "handle_A50", "handle_A51", 
"handle_A52", "handle_A53", "handle_A54", "handle_A61", "handle_A62", 
"handle_A63", "handle_A64", "handle_A65", "node3", "node4", "node10", 
"node11", "node12", "node13", "node16", "node17", "node18", "node19", 
"node20", "node27", "node28", "node29", "node30", "node31", "node37", 
"node38", "node43", "node44", "node45", "node46", "node47", "node50", 
"node51", "node52", "node53", "node54", "node60", "node61", "node62", 
"node63", "node64", "node65"), class = "minsymvec"), overunderobj = structure(c(2, 
16, 5, 22, 8, 20, 13, 28, 32, 25, 3, 14, 6, 33, 11, 31, 17, 21
), .Dim = c(9L, 2L)), symobj = structure(list(Mver = structure(c(10, 
20, 19, 18, 17, 11, 12, 31, 13, 30, 29, 28, 4, 3, 16, 27, 8, 
32, 33, 34, 1, 7, 6, 21, 5, 22, 23, 24, 14, 15, 2, 25), .Dim = c(16L, 
2L)), xver = c(9, 26), Mhor = NULL, xhor = NULL, Mrot = NULL, 
    exact_h = NULL, exact_v = NULL, mcdonalds = FALSE, celtic = FALSE, 
    reefknot = FALSE, center_crossing = FALSE, indep = structure(c(FALSE, 
    FALSE, TRUE, TRUE, FALSE, FALSE, FALSE, FALSE, TRUE, TRUE, 
    TRUE, TRUE, TRUE, FALSE, FALSE, TRUE, TRUE, TRUE, TRUE, TRUE, 
    FALSE, FALSE, FALSE, FALSE, FALSE, TRUE, TRUE, TRUE, TRUE, 
    TRUE, TRUE, FALSE, FALSE, FALSE, FALSE, FALSE, TRUE, TRUE, 
    FALSE, FALSE, FALSE, FALSE, FALSE, TRUE, TRUE, TRUE, TRUE, 
    FALSE, FALSE, TRUE, TRUE, TRUE, TRUE, TRUE, FALSE, FALSE, 
    FALSE, FALSE, FALSE, FALSE, TRUE, TRUE, TRUE, TRUE, TRUE, 
    FALSE, FALSE, FALSE, FALSE, FALSE, TRUE, TRUE, FALSE, FALSE, 
    FALSE, FALSE, FALSE, TRUE, TRUE, TRUE, TRUE, FALSE, FALSE, 
    TRUE, TRUE, TRUE, TRUE, TRUE, FALSE, FALSE, FALSE, FALSE, 
    FALSE, FALSE, TRUE, TRUE, TRUE, TRUE, TRUE, FALSE, FALSE, 
    FALSE, FALSE, FALSE, TRUE, TRUE, FALSE, FALSE, FALSE, FALSE, 
    TRUE, TRUE, TRUE, TRUE, TRUE, FALSE, FALSE, TRUE, TRUE, TRUE, 
    TRUE, TRUE, FALSE, FALSE, FALSE, FALSE, FALSE, TRUE, TRUE, 
    TRUE, TRUE, TRUE, TRUE, FALSE, FALSE, FALSE), .Names = c("handle_A1", 
    "handle_A2", "handle_A3", "handle_A4", "handle_A5", "handle_A6", 
    "handle_A7", "handle_A8", "handle_A9", "handle_A10", "handle_A11", 
    "handle_A12", "handle_A13", "handle_A14", "handle_A15", "handle_A16", 
    "handle_A17", "handle_A18", "handle_A19", "handle_A20", "handle_A21", 
    "handle_A22", "handle_A23", "handle_A24", "handle_A25", "handle_A26", 
    "handle_A27", "handle_A28", "handle_A29", "handle_A30", "handle_A31", 
    "handle_A32", "handle_A33", "handle_A34", "handle_A35", "handle_A36", 
    "handle_A37", "handle_A38", "handle_A39", "handle_A40", "handle_A41", 
    "handle_A42", "handle_A43", "handle_A44", "handle_A45", "handle_A46", 
    "handle_A47", "handle_A48", "handle_A49", "handle_A50", "handle_A51", 
    "handle_A52", "handle_A53", "handle_A54", "handle_A55", "handle_A56", 
    "handle_A57", "handle_A58", "handle_A59", "handle_A60", "handle_A61", 
    "handle_A62", "handle_A63", "handle_A64", "handle_A65", "handle_A66", 
    "handle_A67", "handle_A68", "node1", "node2", "node3", "node4", 
    "node5", "node6", "node7", "node8", "node9", "node10", "node11", 
    "node12", "node13", "node14", "node15", "node16", "node17", 
    "node18", "node19", "node20", "node21", "node22", "node23", 
    "node24", "node25", "node26", "node27", "node28", "node29", 
    "node30", "node31", "node32", "node33", "node34", "node35", 
    "node36", "node37", "node38", "node39", "node40", "node41", 
    "node42", "node43", "node44", "node45", "node46", "node47", 
    "node48", "node49", "node50", "node51", "node52", "node53", 
    "node54", "node55", "node56", "node57", "node58", "node59", 
    "node60", "node61", "node62", "node63", "node64", "node65", 
    "node66", "node67", "node68"))), .Names = c("Mver", "xver", 
"Mhor", "xhor", "Mrot", "exact_h", "exact_v", "mcdonalds", "celtic", 
"reefknot", "center_crossing", "indep"))), .Names = c("minsymvec", 
"overunderobj", "symobj"), class = "knot")
