`k9_34` <-
structure(list(minsymvec = structure(c(-29.862790505369, -44.2161588389292, 
13.6530499867255, -85.9388551706917, -176.705747973972, -88.9239157281309, 
10.5514081478921, -229.434905813479, -371.134663505734, -371.255733080846, 
-141.481843573667, -46.1074153733135, -164.362637328263, -160.705753966425, 
-90.6586600423134, -489.218804451646, -438.627679814852, 68.5081016907733, 
-142.229936663519, -271.767041594702, -545.573334469305, -613.787069579436, 
-389.826267800232, -260.693104515619, -107.127110376377, -758.16412774618, 
-578.550045448064, -404.254701149949, -266.994219927571, -33.632764805393, 
-33.0937147011816, -137.979013523293, -147.805795235946, -44.1801466767075, 
-71.676339546048, -299.147414925267, -371.333591529831, -302.148806957126, 
-80.2712298824912, -107.376041363351, -164.177421368725, -140.420415218814, 
-45.8691184399087, -477.365822428886, -404.225231439402, 69.4550471096091, 
2.987978208867, -197.863558873549, -311.117503414165, -574.766935130824, 
-547.400785207577, -370.935107189667, -184.512345459472, -125.678044123012, 
-704.573345381946, -510.542733961416, -349.824843978002, -220.734324015516
), .Names = c("handle_A3", "handle_A4", "handle_A8", "handle_A9", 
"handle_A10", "handle_A11", "handle_A14", "handle_A15", "handle_A16", 
"handle_A17", "handle_A18", "handle_A23", "handle_A24", "handle_A25", 
"handle_A26", "handle_A32", "handle_A33", "handle_A38", "handle_A39", 
"handle_A40", "handle_A43", "handle_A44", "handle_A45", "handle_A46", 
"handle_A47", "handle_A52", "handle_A53", "handle_A54", "handle_A55", 
"node3", "node4", "node9", "node10", "node11", "node14", "node15", 
"node16", "node17", "node18", "node23", "node24", "node25", "node26", 
"node32", "node33", "node37", "node38", "node39", "node40", "node43", 
"node44", "node45", "node46", "node47", "node52", "node53", "node54", 
"node55"), class = "minsymvec"), overunderobj = structure(c(2, 
14, 5, 20, 7, 18, 11, 24, 27, 22, 3, 12, 6, 28, 10, 26, 15, 19
), .Dim = c(9L, 2L)), symobj = structure(list(Mver = structure(c(9, 
18, 17, 16, 15, 10, 26, 11, 25, 24, 4, 3, 14, 23, 7, 27, 28, 
29, 1, 6, 19, 5, 20, 21, 12, 13, 2, 22), .Dim = c(14L, 2L)), 
    xver = 8, Mhor = NULL, xhor = NULL, Mrot = NULL, exact_h = NULL, 
    exact_v = NULL, mcdonalds = FALSE, celtic = FALSE, reefknot = FALSE, 
    center_crossing = FALSE, indep = structure(c(FALSE, FALSE, 
    TRUE, TRUE, FALSE, FALSE, FALSE, TRUE, TRUE, TRUE, TRUE, 
    FALSE, FALSE, TRUE, TRUE, TRUE, TRUE, TRUE, FALSE, FALSE, 
    FALSE, FALSE, TRUE, TRUE, TRUE, TRUE, FALSE, FALSE, FALSE, 
    FALSE, FALSE, TRUE, TRUE, FALSE, FALSE, FALSE, FALSE, TRUE, 
    TRUE, TRUE, FALSE, FALSE, TRUE, TRUE, TRUE, TRUE, TRUE, FALSE, 
    FALSE, FALSE, FALSE, TRUE, TRUE, TRUE, TRUE, FALSE, FALSE, 
    FALSE, FALSE, FALSE, TRUE, TRUE, FALSE, FALSE, FALSE, FALSE, 
    TRUE, TRUE, TRUE, FALSE, FALSE, TRUE, TRUE, TRUE, TRUE, TRUE, 
    FALSE, FALSE, FALSE, FALSE, TRUE, TRUE, TRUE, TRUE, FALSE, 
    FALSE, FALSE, FALSE, FALSE, TRUE, TRUE, FALSE, FALSE, FALSE, 
    TRUE, TRUE, TRUE, TRUE, FALSE, FALSE, TRUE, TRUE, TRUE, TRUE, 
    TRUE, FALSE, FALSE, FALSE, FALSE, TRUE, TRUE, TRUE, TRUE, 
    FALSE, FALSE, FALSE), .Names = c("handle_A1", "handle_A2", 
    "handle_A3", "handle_A4", "handle_A5", "handle_A6", "handle_A7", 
    "handle_A8", "handle_A9", "handle_A10", "handle_A11", "handle_A12", 
    "handle_A13", "handle_A14", "handle_A15", "handle_A16", "handle_A17", 
    "handle_A18", "handle_A19", "handle_A20", "handle_A21", "handle_A22", 
    "handle_A23", "handle_A24", "handle_A25", "handle_A26", "handle_A27", 
    "handle_A28", "handle_A29", "handle_A30", "handle_A31", "handle_A32", 
    "handle_A33", "handle_A34", "handle_A35", "handle_A36", "handle_A37", 
    "handle_A38", "handle_A39", "handle_A40", "handle_A41", "handle_A42", 
    "handle_A43", "handle_A44", "handle_A45", "handle_A46", "handle_A47", 
    "handle_A48", "handle_A49", "handle_A50", "handle_A51", "handle_A52", 
    "handle_A53", "handle_A54", "handle_A55", "handle_A56", "handle_A57", 
    "handle_A58", "node1", "node2", "node3", "node4", "node5", 
    "node6", "node7", "node8", "node9", "node10", "node11", "node12", 
    "node13", "node14", "node15", "node16", "node17", "node18", 
    "node19", "node20", "node21", "node22", "node23", "node24", 
    "node25", "node26", "node27", "node28", "node29", "node30", 
    "node31", "node32", "node33", "node34", "node35", "node36", 
    "node37", "node38", "node39", "node40", "node41", "node42", 
    "node43", "node44", "node45", "node46", "node47", "node48", 
    "node49", "node50", "node51", "node52", "node53", "node54", 
    "node55", "node56", "node57", "node58"))), .Names = c("Mver", 
"xver", "Mhor", "xhor", "Mrot", "exact_h", "exact_v", "mcdonalds", 
"celtic", "reefknot", "center_crossing", "indep"))), .Names = c("minsymvec", 
"overunderobj", "symobj"), class = "knot")
