`k9_36` <- 
structure(list(minsymvec = structure(c(70.8072077186927, 292.860600761865, 
322.782212850191, 262.155295526254, 22.894603399435, -136.959052283687, 
-198.082993076475, -226.73476428023, -18.8132059157495, 54.0444197975413, 
173.096426368205, 279.189230415168, 242.740629854164, 187.095410944883, 
25.229418198495, -265.6729567165, -406.898996419454, -254.084433192525, 
-121.817020347881, -53.5542645121432, 36.6320914816964, 74.7266255521658, 
171.497681991892, 298.870513099304, 210.885424243776, 44.5614908684108, 
-171.594233500888, -247.915087705373, -330.512790926159, -196.026234071081, 
41.5034598305107, -150.322498068398, -278.894497810606, -386.26024808409, 
-558.637953943961, -555.105984673114, -515.721266149068, -348.024003620858, 
-187.793429016534, -254.690534377539, -414.431792426526, -533.309058485195, 
-582.561819933618, -521.354011986789, -355.83407388447, -131.306992493369, 
0.596579753000826, -96.8294059325754, -229.565549159712, -286.734082550174, 
-293.314076939782, -258.370701412067, -86.4746150651412, 78.2121682768203, 
30.5105631292763, -99.8615287832379, -91.8198623007066, -1.31200782395389, 
169.877205304768, 168.850118446525, 309.122606335981, 305.95219000628, 
150.359877923584, -36.6445285856547, -149.517132496092, -215.183645755404, 
-155.822424727669, 94.0590879294074, 216.40302013589, 274.367932082807, 
234.469879427218, 120.268133638138, -89.6688088310269, -330.432603564155, 
-367.949580630248, -199.123463898284, -97.2900238594141, -23.3831758368951, 
43.6827098411925, 103.943506223152, 220.371667424155, 283.38979523405, 
147.089270943624, -42.2929411950783, -196.027664421006, -271.601240186383, 
-302.656526792783, -93.0142537488834, -42.3239639357793, -193.326839739872, 
-316.841295116776, -460.449631794093, -568.346367724836, -547.44967516123, 
-466.094781195201, -268.819890931617, -185.981658040583, -205.336936280989, 
-314.780910275114, -460.913397108251, -540.822657958696, -573.394077848613, 
-441.534527315447, -284.744595367948, -70.2851423474977, -24.2521734968807, 
-144.418793667148, -255.296361107573, -288.027011664339, -285.722692841611, 
-198.032638940523, -24.0172390768461, 74.3035391361973, -31.9546458695941, 
-99.5281583679268, -71.7187918799904, 64.6658702964085, 145.274134654128
), .Names = c("handle_A1", "handle_A2", "handle_A3", "handle_A4", 
"handle_A5", "handle_A6", "handle_A7", "handle_A8", "handle_A9", 
"handle_A10", "handle_A11", "handle_A12", "handle_A13", "handle_A14", 
"handle_A15", "handle_A16", "handle_A17", "handle_A18", "handle_A19", 
"handle_A20", "handle_A21", "handle_A22", "handle_A23", "handle_A24", 
"handle_A25", "handle_A26", "handle_A27", "handle_A28", "handle_A29", 
"handle_A30", "handle_A31", "handle_A32", "handle_A33", "handle_A34", 
"handle_A35", "handle_A36", "handle_A37", "handle_A38", "handle_A40", 
"handle_A41", "handle_A42", "handle_A43", "handle_A44", "handle_A45", 
"handle_A46", "handle_A47", "handle_A48", "handle_A49", "handle_A50", 
"handle_A51", "handle_A52", "handle_A53", "handle_A54", "handle_A55", 
"handle_A56", "handle_A57", "handle_A58", "handle_A59", "handle_A60", 
"node1", "node2", "node3", "node4", "node5", "node6", "node7", 
"node8", "node10", "node11", "node12", "node13", "node14", "node15", 
"node16", "node17", "node18", "node19", "node20", "node21", "node22", 
"node23", "node24", "node25", "node26", "node27", "node28", "node29", 
"node30", "node31", "node32", "node33", "node34", "node35", "node36", 
"node37", "node38", "node39", "node40", "node41", "node42", "node43", 
"node44", "node45", "node46", "node47", "node48", "node49", "node50", 
"node51", "node52", "node53", "node54", "node55", "node56", "node57", 
"node58", "node59", "node60"), class = "minsymvec"), overunderobj = structure(c(1, 
24, 4, 15, 8, 20, 11, 18, 27, 26, 2, 12, 5, 16, 9, 23, 29, 19
), .Dim = c(9L, 2L)), symobj = structure(list(Mver = NULL, xver = 9, 
    Mhor = NULL, xhor = NULL, Mrot = NULL, exact_h = NULL, exact_v = NULL, 
    mcdonalds = FALSE, celtic = FALSE, reefknot = FALSE, center_crossing = FALSE, 
    indep = structure(c(TRUE, TRUE, TRUE, TRUE, TRUE, TRUE, TRUE, 
    TRUE, TRUE, TRUE, TRUE, TRUE, TRUE, TRUE, TRUE, TRUE, TRUE, 
    TRUE, TRUE, TRUE, TRUE, TRUE, TRUE, TRUE, TRUE, TRUE, TRUE, 
    TRUE, TRUE, TRUE, TRUE, TRUE, TRUE, TRUE, TRUE, TRUE, TRUE, 
    TRUE, FALSE, TRUE, TRUE, TRUE, TRUE, TRUE, TRUE, TRUE, TRUE, 
    TRUE, TRUE, TRUE, TRUE, TRUE, TRUE, TRUE, TRUE, TRUE, TRUE, 
    TRUE, TRUE, TRUE, TRUE, TRUE, TRUE, TRUE, TRUE, TRUE, TRUE, 
    TRUE, FALSE, TRUE, TRUE, TRUE, TRUE, TRUE, TRUE, TRUE, TRUE, 
    TRUE, TRUE, TRUE, TRUE, TRUE, TRUE, TRUE, TRUE, TRUE, TRUE, 
    TRUE, TRUE, TRUE, TRUE, TRUE, TRUE, TRUE, TRUE, TRUE, TRUE, 
    TRUE, TRUE, TRUE, TRUE, TRUE, TRUE, TRUE, TRUE, TRUE, TRUE, 
    TRUE, TRUE, TRUE, TRUE, TRUE, TRUE, TRUE, TRUE, TRUE, TRUE, 
    TRUE, TRUE, TRUE), .Names = c("handle_A1", "handle_A2", "handle_A3", 
    "handle_A4", "handle_A5", "handle_A6", "handle_A7", "handle_A8", 
    "handle_A9", "handle_A10", "handle_A11", "handle_A12", "handle_A13", 
    "handle_A14", "handle_A15", "handle_A16", "handle_A17", "handle_A18", 
    "handle_A19", "handle_A20", "handle_A21", "handle_A22", "handle_A23", 
    "handle_A24", "handle_A25", "handle_A26", "handle_A27", "handle_A28", 
    "handle_A29", "handle_A30", "handle_A31", "handle_A32", "handle_A33", 
    "handle_A34", "handle_A35", "handle_A36", "handle_A37", "handle_A38", 
    "handle_A39", "handle_A40", "handle_A41", "handle_A42", "handle_A43", 
    "handle_A44", "handle_A45", "handle_A46", "handle_A47", "handle_A48", 
    "handle_A49", "handle_A50", "handle_A51", "handle_A52", "handle_A53", 
    "handle_A54", "handle_A55", "handle_A56", "handle_A57", "handle_A58", 
    "handle_A59", "handle_A60", "node1", "node2", "node3", "node4", 
    "node5", "node6", "node7", "node8", "node9", "node10", "node11", 
    "node12", "node13", "node14", "node15", "node16", "node17", 
    "node18", "node19", "node20", "node21", "node22", "node23", 
    "node24", "node25", "node26", "node27", "node28", "node29", 
    "node30", "node31", "node32", "node33", "node34", "node35", 
    "node36", "node37", "node38", "node39", "node40", "node41", 
    "node42", "node43", "node44", "node45", "node46", "node47", 
    "node48", "node49", "node50", "node51", "node52", "node53", 
    "node54", "node55", "node56", "node57", "node58", "node59", 
    "node60"))), .Names = c("Mver", "xver", "Mhor", "xhor", "Mrot", 
"exact_h", "exact_v", "mcdonalds", "celtic", "reefknot", "center_crossing", 
"indep"))), .Names = c("minsymvec", "overunderobj", "symobj"), class = "knot")
