`k9_36` <-
structure(list(minsymvec = structure(c(56.9053344967104, 286.351320723928, 
331.026428301327, 250.835498577799, 34.1963712457497, -137.539440965503, 
-200.93304438619, -219.312464495093, -20.5412503129084, 54.8613379060169, 
164.096011338457, 277.127940480549, 249.245901916514, 187.7496195025, 
38.1157046207015, -258.264259318073, -407.440409691881, -236.945455397186, 
-118.171602676327, -59.2930885969199, 39.2692197548454, 78.1761822075253, 
163.244840663143, 301.637031298542, 212.603489134352, 48.0915874661279, 
-154.96262610594, -249.310216039531, -310.220079953715, -214.450461836205, 
17.55239853659, -138.437946647802, -284.16943742524, -376.386715289212, 
-542.470090186303, -556.288735054074, -516.26865278993, -347.419300487894, 
-188.528739480528, -252.303274377832, -404.626090654661, -533.560465616478, 
-596.035568677152, -504.581864198727, -349.94810312352, -118.169138879613, 
-2.68178754193527, -103.565798084262, -234.58062587267, -292.934741291293, 
-296.61167643267, -254.505325061863, -98.0555084898937, 99.6731822844324, 
30.1877523518317, -109.12026552155, -91.4856410661172, 2.49896479853003, 
162.485084173965, 156.425317480914, 310.60575180735, 304.879515437169, 
141.706264973231, -28.7540129739772, -149.665546618347, -216.36024378456, 
-148.335345275862, 95.6557618853345, 208.913391265287, 276.794470420231, 
241.881936801586, 110.556932385348, -77.5540036249556, -327.679514290168, 
-362.521655821032, -183.936621865472, -98.2575487192679, -26.4935950385668, 
45.7330344817702, 107.619144369457, 211.596368723615, 291.808888148982, 
138.583367206828, -37.0035740507582, -188.603790225799, -269.456632012973, 
-291.980072208659, -88.001733259148, -56.2236678365869, -185.798121297493, 
-325.964360697161, -444.627899909849, -562.101309604958, -549.061487992381, 
-461.886285015815, -268.982926383532, -186.403594642563, -206.699546081228, 
-313.567891578345, -454.315541601536, -541.174949016614, -574.025555662075, 
-427.362722610675, -279.484048835391, -61.9417887261316, -30.8964990419381, 
-148.741426184638, -261.986890856832, -293.598292895113, -285.629679962437, 
-195.811433326724, -24.0485588589012, 85.4094934532276, -35.4624147531432, 
-107.396646664428, -68.2395272081415, 52.1040935958711, 133.215130125147
), .Names = c("handle_A1", "handle_A2", "handle_A3", "handle_A4", 
"handle_A5", "handle_A6", "handle_A7", "handle_A8", "handle_A9", 
"handle_A10", "handle_A11", "handle_A12", "handle_A13", "handle_A14", 
"handle_A15", "handle_A16", "handle_A17", "handle_A18", "handle_A19", 
"handle_A20", "handle_A21", "handle_A22", "handle_A23", "handle_A24", 
"handle_A25", "handle_A26", "handle_A27", "handle_A28", "handle_A29", 
"handle_A30", "handle_A31", "handle_A32", "handle_A33", "handle_A34", 
"handle_A35", "handle_A36", "handle_A37", "handle_A38", "handle_A40", 
"handle_A41", "handle_A42", "handle_A43", "handle_A44", "handle_A45", 
"handle_A46", "handle_A47", "handle_A48", "handle_A49", "handle_A50", 
"handle_A51", "handle_A52", "handle_A53", "handle_A54", "handle_A55", 
"handle_A56", "handle_A57", "handle_A58", "handle_A59", "handle_A60", 
"node1", "node2", "node3", "node4", "node5", "node6", "node7", 
"node8", "node10", "node11", "node12", "node13", "node14", "node15", 
"node16", "node17", "node18", "node19", "node20", "node21", "node22", 
"node23", "node24", "node25", "node26", "node27", "node28", "node29", 
"node30", "node31", "node32", "node33", "node34", "node35", "node36", 
"node37", "node38", "node39", "node40", "node41", "node42", "node43", 
"node44", "node45", "node46", "node47", "node48", "node49", "node50", 
"node51", "node52", "node53", "node54", "node55", "node56", "node57", 
"node58", "node59", "node60"), class = "minsymvec"), overunderobj = structure(c(1, 
24, 4, 15, 8, 20, 11, 18, 27, 26, 2, 12, 5, 16, 9, 23, 29, 19
), .Dim = c(9L, 2L)), symobj = structure(list(Mver = NULL, xver = 9, 
    Mhor = NULL, xhor = NULL, Mrot = NULL, exact_h = NULL, exact_v = NULL, 
    mcdonalds = FALSE, celtic = FALSE, reefknot = FALSE, center_crossing = FALSE, 
    indep = structure(c(TRUE, TRUE, TRUE, TRUE, TRUE, TRUE, TRUE, 
    TRUE, TRUE, TRUE, TRUE, TRUE, TRUE, TRUE, TRUE, TRUE, TRUE, 
    TRUE, TRUE, TRUE, TRUE, TRUE, TRUE, TRUE, TRUE, TRUE, TRUE, 
    TRUE, TRUE, TRUE, TRUE, TRUE, TRUE, TRUE, TRUE, TRUE, TRUE, 
    TRUE, FALSE, TRUE, TRUE, TRUE, TRUE, TRUE, TRUE, TRUE, TRUE, 
    TRUE, TRUE, TRUE, TRUE, TRUE, TRUE, TRUE, TRUE, TRUE, TRUE, 
    TRUE, TRUE, TRUE, TRUE, TRUE, TRUE, TRUE, TRUE, TRUE, TRUE, 
    TRUE, FALSE, TRUE, TRUE, TRUE, TRUE, TRUE, TRUE, TRUE, TRUE, 
    TRUE, TRUE, TRUE, TRUE, TRUE, TRUE, TRUE, TRUE, TRUE, TRUE, 
    TRUE, TRUE, TRUE, TRUE, TRUE, TRUE, TRUE, TRUE, TRUE, TRUE, 
    TRUE, TRUE, TRUE, TRUE, TRUE, TRUE, TRUE, TRUE, TRUE, TRUE, 
    TRUE, TRUE, TRUE, TRUE, TRUE, TRUE, TRUE, TRUE, TRUE, TRUE, 
    TRUE, TRUE, TRUE), .Names = c("handle_A1", "handle_A2", "handle_A3", 
    "handle_A4", "handle_A5", "handle_A6", "handle_A7", "handle_A8", 
    "handle_A9", "handle_A10", "handle_A11", "handle_A12", "handle_A13", 
    "handle_A14", "handle_A15", "handle_A16", "handle_A17", "handle_A18", 
    "handle_A19", "handle_A20", "handle_A21", "handle_A22", "handle_A23", 
    "handle_A24", "handle_A25", "handle_A26", "handle_A27", "handle_A28", 
    "handle_A29", "handle_A30", "handle_A31", "handle_A32", "handle_A33", 
    "handle_A34", "handle_A35", "handle_A36", "handle_A37", "handle_A38", 
    "handle_A39", "handle_A40", "handle_A41", "handle_A42", "handle_A43", 
    "handle_A44", "handle_A45", "handle_A46", "handle_A47", "handle_A48", 
    "handle_A49", "handle_A50", "handle_A51", "handle_A52", "handle_A53", 
    "handle_A54", "handle_A55", "handle_A56", "handle_A57", "handle_A58", 
    "handle_A59", "handle_A60", "node1", "node2", "node3", "node4", 
    "node5", "node6", "node7", "node8", "node9", "node10", "node11", 
    "node12", "node13", "node14", "node15", "node16", "node17", 
    "node18", "node19", "node20", "node21", "node22", "node23", 
    "node24", "node25", "node26", "node27", "node28", "node29", 
    "node30", "node31", "node32", "node33", "node34", "node35", 
    "node36", "node37", "node38", "node39", "node40", "node41", 
    "node42", "node43", "node44", "node45", "node46", "node47", 
    "node48", "node49", "node50", "node51", "node52", "node53", 
    "node54", "node55", "node56", "node57", "node58", "node59", 
    "node60"))), .Names = c("Mver", "xver", "Mhor", "xhor", "Mrot", 
"exact_h", "exact_v", "mcdonalds", "celtic", "reefknot", "center_crossing", 
"indep"))), .Names = c("minsymvec", "overunderobj", "symobj"), class = "knot")
