`k9_37` <-	
structure(list(minsymvec = structure(c(-32.2299992305534, -51.5173280069562, 
-8.91781406676099, -77.6024183946443, -201.548509337199, -380.080185630751, 
-269.525127250466, -71.5985640438274, -15.4305108959131, -48.7355159164339, 
-9.45488400754735, -306.929964144463, -268.075666654522, -143.092314202323, 
-8.19286639000312, -658.492442318487, -605.079724400927, -310.387654637077, 
-179.508466642317, 2.2288047279885, -78.9732568851856, -241.178282405524, 
-317.981497742181, -437.099691411144, -771.375372019717, -516.482966303482, 
-183.676986222514, -18.5068591296983, -35.076759926414, -31.6727037820753, 
-45.1042260356368, -115.043309198033, -272.378289353036, -359.519777976925, 
-180.904239111452, -32.9518054894953, -30.7981554307626, -136.43375789622, 
-305.773680835418, -227.597570451405, -96.0247142619907, -650.740802294272, 
-561.755891256235, -257.587446082956, -116.339808775208, -4.38018379700589, 
-139.827587909533, -227.339821768028, -182.588151232624, -358.644814212225, 
-474.034721881398, -729.331765651524, -392.843497098766, -122.308674048841, 
3.04706281105335, 24.6681562549269), .Names = c("handle_A5", 
"handle_A6", "handle_A9", "handle_A10", "handle_A11", "handle_A12", 
"handle_A13", "handle_A14", "handle_A20", "handle_A21", "handle_A24", 
"handle_A25", "handle_A26", "handle_A27", "handle_A28", "handle_A33", 
"handle_A34", "handle_A37", "handle_A38", "handle_A39", "handle_A40", 
"handle_A41", "handle_A48", "handle_A49", "handle_A52", "handle_A53", 
"handle_A54", "handle_A55", "node5", "node6", "node9", "node10", 
"node11", "node12", "node13", "node20", "node21", "node24", "node25", 
"node26", "node27", "node33", "node34", "node37", "node38", "node39", 
"node40", "node41", "node42", "node48", "node49", "node52", "node53", 
"node54", "node55", "node56"), class = "minsymvec"), overunderobj = structure(c(18, 
3, 24, 7, 20, 15, 10, 13, 27, 2, 16, 5, 22, 9, 19, 14, 26, 11
), .Dim = c(9L, 2L)), symobj = structure(list(Mver = structure(c(11, 
27, 12, 26, 10, 13, 9, 20, 21, 6, 5, 25, 24, 17, 1, 16, 2, 18, 
15, 19, 8, 7, 22, 23, 3, 4), .Dim = c(13L, 2L)), xver = c(14, 
28), Mhor = NULL, xhor = NULL, Mrot = NULL, exact_h = NULL, exact_v = NULL, 
    mcdonalds = FALSE, celtic = FALSE, reefknot = FALSE, center_crossing = FALSE, 
    indep = structure(c(FALSE, FALSE, FALSE, FALSE, TRUE, TRUE, 
    FALSE, FALSE, TRUE, TRUE, TRUE, TRUE, TRUE, TRUE, FALSE, 
    FALSE, FALSE, FALSE, FALSE, TRUE, TRUE, FALSE, FALSE, TRUE, 
    TRUE, TRUE, TRUE, TRUE, FALSE, FALSE, FALSE, FALSE, TRUE, 
    TRUE, FALSE, FALSE, TRUE, TRUE, TRUE, TRUE, TRUE, FALSE, 
    FALSE, FALSE, FALSE, FALSE, FALSE, TRUE, TRUE, FALSE, FALSE, 
    TRUE, TRUE, TRUE, TRUE, FALSE, FALSE, FALSE, FALSE, FALSE, 
    TRUE, TRUE, FALSE, FALSE, TRUE, TRUE, TRUE, TRUE, TRUE, FALSE, 
    FALSE, FALSE, FALSE, FALSE, FALSE, TRUE, TRUE, FALSE, FALSE, 
    TRUE, TRUE, TRUE, TRUE, FALSE, FALSE, FALSE, FALSE, FALSE, 
    TRUE, TRUE, FALSE, FALSE, TRUE, TRUE, TRUE, TRUE, TRUE, TRUE, 
    FALSE, FALSE, FALSE, FALSE, FALSE, TRUE, TRUE, FALSE, FALSE, 
    TRUE, TRUE, TRUE, TRUE, TRUE), .Names = c("handle_A1", "handle_A2", 
    "handle_A3", "handle_A4", "handle_A5", "handle_A6", "handle_A7", 
    "handle_A8", "handle_A9", "handle_A10", "handle_A11", "handle_A12", 
    "handle_A13", "handle_A14", "handle_A15", "handle_A16", "handle_A17", 
    "handle_A18", "handle_A19", "handle_A20", "handle_A21", "handle_A22", 
    "handle_A23", "handle_A24", "handle_A25", "handle_A26", "handle_A27", 
    "handle_A28", "handle_A29", "handle_A30", "handle_A31", "handle_A32", 
    "handle_A33", "handle_A34", "handle_A35", "handle_A36", "handle_A37", 
    "handle_A38", "handle_A39", "handle_A40", "handle_A41", "handle_A42", 
    "handle_A43", "handle_A44", "handle_A45", "handle_A46", "handle_A47", 
    "handle_A48", "handle_A49", "handle_A50", "handle_A51", "handle_A52", 
    "handle_A53", "handle_A54", "handle_A55", "handle_A56", "node1", 
    "node2", "node3", "node4", "node5", "node6", "node7", "node8", 
    "node9", "node10", "node11", "node12", "node13", "node14", 
    "node15", "node16", "node17", "node18", "node19", "node20", 
    "node21", "node22", "node23", "node24", "node25", "node26", 
    "node27", "node28", "node29", "node30", "node31", "node32", 
    "node33", "node34", "node35", "node36", "node37", "node38", 
    "node39", "node40", "node41", "node42", "node43", "node44", 
    "node45", "node46", "node47", "node48", "node49", "node50", 
    "node51", "node52", "node53", "node54", "node55", "node56"
    ))), .Names = c("Mver", "xver", "Mhor", "xhor", "Mrot", "exact_h", 
"exact_v", "mcdonalds", "celtic", "reefknot", "center_crossing", 
"indep"))), .Names = c("minsymvec", "overunderobj", "symobj"), class = "knot")
