`k9_38` <-	
structure(list(minsymvec = structure(c(112.009487469171, 236.108533490307, 
253.550715511448, 124.101262537239, -139.851235442567, -45.714049304981, 
93.8700919957177, 113.650541652114, -45.9956535076925, -98.9860284684359, 
-108.388555928032, -29.4831710761523, -130.457018730046, -386.04387033541, 
-223.816968839854, -93.4788491457131, 115.118299537711, 284.302126003579, 
394.174257206661, 234.277331133578, 67.7323743195866, -116.718853720278, 
-307.814816956672, -18.6642359108529, 48.0345665566205, -180.206578586223, 
-470.316241836251, -720.100648630038, -636.314415634964, -494.716346186965, 
-321.282831619871, -141.372779453149, -78.3921102809241, -190.491774316117, 
-341.343361438002, -502.484268641257, -713.098366321618, -495.152854429433, 
-215.303219530608, -182.217486351306, -161.30166956087, -315.905175986308, 
-423.628559063866, -360.550911622221, -334.599332933711, -174.252121885735, 
183.349927320346, 239.839876565111, 223.584836368911, 19.9107266646649, 
-115.445628875622, 13.6376126023574, 103.988705027915, 63.6882187271727, 
-74.8150280106015, -96.548585703877, -86.9013671189661, -39.8281336493457, 
-233.197580191779, -351.56189616821, -172.491895429599, 173.699277604338, 
334.072647079809, 348.955293704321, 157.875728327293, -13.4990894201153, 
-178.206986964265, -234.455332176432, -33.3573851410632, -295.438826197116, 
-551.801800050435, -724.420007447025, -562.555824868843, -444.126805997603, 
-268.110533044262, -101.108419113944, -116.242582471044, -259.097991635698, 
-414.843615151347, -572.465139732497, -671.602676748265, -374.226673721371, 
-200.153727085799, -191.326969937953, -177.035599824559, -201.652538642306, 
-368.746207083978, -403.473929122159, -338.387410448191, -298.681467959882, 
-62.8207086470796, 49.6085105536532), .Names = c("handle_A1", 
"handle_A2", "handle_A3", "handle_A4", "handle_A5", "handle_A6", 
"handle_A7", "handle_A8", "handle_A9", "handle_A10", "handle_A11", 
"handle_A12", "handle_A13", "handle_A14", "handle_A15", "handle_A16", 
"handle_A17", "handle_A18", "handle_A19", "handle_A20", "handle_A21", 
"handle_A22", "handle_A23", "handle_A24", "handle_A25", "handle_A26", 
"handle_A27", "handle_A28", "handle_A29", "handle_A30", "handle_A31", 
"handle_A32", "handle_A33", "handle_A34", "handle_A35", "handle_A36", 
"handle_A37", "handle_A38", "handle_A39", "handle_A41", "handle_A42", 
"handle_A43", "handle_A44", "handle_A45", "handle_A46", "handle_A47", 
"node1", "node2", "node3", "node4", "node5", "node6", "node7", 
"node8", "node9", "node10", "node11", "node12", "node13", "node14", 
"node15", "node17", "node18", "node19", "node20", "node21", "node22", 
"node23", "node25", "node26", "node27", "node28", "node29", "node30", 
"node31", "node32", "node33", "node34", "node35", "node36", "node37", 
"node38", "node39", "node40", "node41", "node42", "node43", "node44", 
"node45", "node46", "node47", "node48"), class = "minsymvec"), 
    overunderobj = structure(c(18, 3, 13, 6, 21, 8, 16, 11, 23, 
    2, 20, 5, 12, 7, 17, 10, 22, 15), .Dim = c(9L, 2L)), symobj = structure(list(
        Mver = NULL, xver = c(16, 24), Mhor = NULL, xhor = NULL, 
        Mrot = NULL, exact_h = NULL, exact_v = NULL, mcdonalds = FALSE, 
        celtic = FALSE, reefknot = FALSE, center_crossing = FALSE, 
        indep = structure(c(TRUE, TRUE, TRUE, TRUE, TRUE, TRUE, 
        TRUE, TRUE, TRUE, TRUE, TRUE, TRUE, TRUE, TRUE, TRUE, 
        TRUE, TRUE, TRUE, TRUE, TRUE, TRUE, TRUE, TRUE, TRUE, 
        TRUE, TRUE, TRUE, TRUE, TRUE, TRUE, TRUE, TRUE, TRUE, 
        TRUE, TRUE, TRUE, TRUE, TRUE, TRUE, FALSE, TRUE, TRUE, 
        TRUE, TRUE, TRUE, TRUE, TRUE, FALSE, TRUE, TRUE, TRUE, 
        TRUE, TRUE, TRUE, TRUE, TRUE, TRUE, TRUE, TRUE, TRUE, 
        TRUE, TRUE, TRUE, FALSE, TRUE, TRUE, TRUE, TRUE, TRUE, 
        TRUE, TRUE, FALSE, TRUE, TRUE, TRUE, TRUE, TRUE, TRUE, 
        TRUE, TRUE, TRUE, TRUE, TRUE, TRUE, TRUE, TRUE, TRUE, 
        TRUE, TRUE, TRUE, TRUE, TRUE, TRUE, TRUE, TRUE, TRUE), .Names = c("handle_A1", 
        "handle_A2", "handle_A3", "handle_A4", "handle_A5", "handle_A6", 
        "handle_A7", "handle_A8", "handle_A9", "handle_A10", 
        "handle_A11", "handle_A12", "handle_A13", "handle_A14", 
        "handle_A15", "handle_A16", "handle_A17", "handle_A18", 
        "handle_A19", "handle_A20", "handle_A21", "handle_A22", 
        "handle_A23", "handle_A24", "handle_A25", "handle_A26", 
        "handle_A27", "handle_A28", "handle_A29", "handle_A30", 
        "handle_A31", "handle_A32", "handle_A33", "handle_A34", 
        "handle_A35", "handle_A36", "handle_A37", "handle_A38", 
        "handle_A39", "handle_A40", "handle_A41", "handle_A42", 
        "handle_A43", "handle_A44", "handle_A45", "handle_A46", 
        "handle_A47", "handle_A48", "node1", "node2", "node3", 
        "node4", "node5", "node6", "node7", "node8", "node9", 
        "node10", "node11", "node12", "node13", "node14", "node15", 
        "node16", "node17", "node18", "node19", "node20", "node21", 
        "node22", "node23", "node24", "node25", "node26", "node27", 
        "node28", "node29", "node30", "node31", "node32", "node33", 
        "node34", "node35", "node36", "node37", "node38", "node39", 
        "node40", "node41", "node42", "node43", "node44", "node45", 
        "node46", "node47", "node48"))), .Names = c("Mver", "xver", 
    "Mhor", "xhor", "Mrot", "exact_h", "exact_v", "mcdonalds", 
    "celtic", "reefknot", "center_crossing", "indep"))), .Names = c("minsymvec", 
"overunderobj", "symobj"), class = "knot")
