`k9_39` <- 
structure(list(minsymvec = structure(c(-42.8268843502695, -1.29119733727303, 
-193.442130024367, -371.025725299711, -239.455379834899, -58.6575993672845, 
-32.6426245801222, -77.1244267875167, -13.679513022645, -289.367488771861, 
-267.055168061756, -128.863047799782, -10.8068030589908, -769.790645625379, 
-267.152431804488, -141.940898658174, -263.185864203812, -439.434149228875, 
-310.90454838644, -467.845911194613, -853.00517020675, -704.079058438915, 
-407.418492632971, -140.388095908199, -34.9056420322865, -66.2498324048667, 
-262.11642525912, -344.737725832927, -171.281161574292, -50.8532672433119, 
-44.6380012155123, -120.598992313481, -296.451776437775, -213.868982191852, 
-88.445168826479, -699.221284211975, -220.330032751099, -165.599622225261, 
-337.309697022418, -449.239210262948, -455.047230677476, -358.487877191674, 
-538.530301240878, -835.378918592707, -595.202939600224, -293.734623985266, 
-115.75283901895, -90.3961626267829), .Names = c("handle_A5", 
"handle_A8", "handle_A9", "handle_A10", "handle_A11", "handle_A12", 
"handle_A17", "handle_A18", "handle_A20", "handle_A21", "handle_A22", 
"handle_A23", "handle_A24", "handle_A29", "handle_A32", "handle_A33", 
"handle_A34", "handle_A35", "handle_A41", "handle_A42", "handle_A44", 
"handle_A45", "handle_A46", "handle_A47", "node5", "node8", "node9", 
"node10", "node11", "node17", "node18", "node20", "node21", "node22", 
"node23", "node29", "node32", "node33", "node34", "node35", "node36", 
"node41", "node42", "node44", "node45", "node46", "node47", "node48"
), class = "minsymvec"), overunderobj = structure(c(16, 3, 20, 
6, 13, 8, 23, 11, 18, 2, 14, 5, 19, 7, 17, 9, 22, 12), .Dim = c(9L, 
2L)), symobj = structure(list(Mver = structure(c(23, 9, 10, 8, 
22, 17, 11, 18, 21, 5, 20, 1, 15, 14, 16, 2, 7, 13, 6, 3, 19, 
4), .Dim = c(11L, 2L)), xver = c(12, 24), Mhor = NULL, xhor = NULL, 
    Mrot = NULL, exact_h = NULL, exact_v = NULL, mcdonalds = FALSE, 
    celtic = FALSE, reefknot = FALSE, center_crossing = FALSE, 
    indep = structure(c(FALSE, FALSE, FALSE, FALSE, TRUE, FALSE, 
    FALSE, TRUE, TRUE, TRUE, TRUE, TRUE, FALSE, FALSE, FALSE, 
    FALSE, TRUE, TRUE, FALSE, TRUE, TRUE, TRUE, TRUE, TRUE, FALSE, 
    FALSE, FALSE, FALSE, TRUE, FALSE, FALSE, TRUE, TRUE, TRUE, 
    TRUE, FALSE, FALSE, FALSE, FALSE, FALSE, TRUE, TRUE, FALSE, 
    TRUE, TRUE, TRUE, TRUE, FALSE, FALSE, FALSE, FALSE, FALSE, 
    TRUE, FALSE, FALSE, TRUE, TRUE, TRUE, TRUE, FALSE, FALSE, 
    FALSE, FALSE, FALSE, TRUE, TRUE, FALSE, TRUE, TRUE, TRUE, 
    TRUE, FALSE, FALSE, FALSE, FALSE, FALSE, TRUE, FALSE, FALSE, 
    TRUE, TRUE, TRUE, TRUE, TRUE, FALSE, FALSE, FALSE, FALSE, 
    TRUE, TRUE, FALSE, TRUE, TRUE, TRUE, TRUE, TRUE), .Names = c("handle_A1", 
    "handle_A2", "handle_A3", "handle_A4", "handle_A5", "handle_A6", 
    "handle_A7", "handle_A8", "handle_A9", "handle_A10", "handle_A11", 
    "handle_A12", "handle_A13", "handle_A14", "handle_A15", "handle_A16", 
    "handle_A17", "handle_A18", "handle_A19", "handle_A20", "handle_A21", 
    "handle_A22", "handle_A23", "handle_A24", "handle_A25", "handle_A26", 
    "handle_A27", "handle_A28", "handle_A29", "handle_A30", "handle_A31", 
    "handle_A32", "handle_A33", "handle_A34", "handle_A35", "handle_A36", 
    "handle_A37", "handle_A38", "handle_A39", "handle_A40", "handle_A41", 
    "handle_A42", "handle_A43", "handle_A44", "handle_A45", "handle_A46", 
    "handle_A47", "handle_A48", "node1", "node2", "node3", "node4", 
    "node5", "node6", "node7", "node8", "node9", "node10", "node11", 
    "node12", "node13", "node14", "node15", "node16", "node17", 
    "node18", "node19", "node20", "node21", "node22", "node23", 
    "node24", "node25", "node26", "node27", "node28", "node29", 
    "node30", "node31", "node32", "node33", "node34", "node35", 
    "node36", "node37", "node38", "node39", "node40", "node41", 
    "node42", "node43", "node44", "node45", "node46", "node47", 
    "node48"))), .Names = c("Mver", "xver", "Mhor", "xhor", "Mrot", 
"exact_h", "exact_v", "mcdonalds", "celtic", "reefknot", "center_crossing", 
"indep"))), .Names = c("minsymvec", "overunderobj", "symobj"), class = "knot")
