`k9_39` <-	
structure(list(minsymvec = structure(c(-50.1165087498564, -3.47004220168392, 
-189.283300943232, -375.268083169372, -238.0423246414, -62.706380780171, 
-30.4156795221279, -87.5439549451725, -17.6330927995413, -289.450938873943, 
-255.230921382967, -131.892688466981, -10.076958565248, -764.125473564402, 
-274.607032339226, -141.173760918304, -263.448424592105, -435.81416635798, 
-312.202873301014, -470.057765396863, -853.567531728911, -705.011195892409, 
-414.84089638853, -145.120149265757, -39.2028758721053, -69.1149655342873, 
-261.977833548625, -345.525461183282, -173.476380374304, -51.1900715598252, 
-50.4270517223612, -122.727506657066, -293.178156675483, -201.241106462361, 
-90.9781257880086, -687.469743380874, -227.402026897208, -163.082552143062, 
-338.424905872735, -445.733020075901, -452.04130554582, -357.108266243263, 
-541.12668763518, -834.333982902801, -593.610674210861, -296.320622929505, 
-116.242412715085, -86.7790265056741), .Names = c("handle_A5", 
"handle_A8", "handle_A9", "handle_A10", "handle_A11", "handle_A12", 
"handle_A17", "handle_A18", "handle_A20", "handle_A21", "handle_A22", 
"handle_A23", "handle_A24", "handle_A29", "handle_A32", "handle_A33", 
"handle_A34", "handle_A35", "handle_A41", "handle_A42", "handle_A44", 
"handle_A45", "handle_A46", "handle_A47", "node5", "node8", "node9", 
"node10", "node11", "node17", "node18", "node20", "node21", "node22", 
"node23", "node29", "node32", "node33", "node34", "node35", "node36", 
"node41", "node42", "node44", "node45", "node46", "node47", "node48"
), class = "minsymvec"), overunderobj = structure(c(16, 3, 20, 
6, 13, 8, 23, 11, 18, 2, 14, 5, 19, 7, 17, 9, 22, 12), .Dim = c(9L, 
2L)), symobj = structure(list(Mver = structure(c(23, 9, 10, 8, 
22, 17, 11, 18, 21, 5, 20, 1, 15, 14, 16, 2, 7, 13, 6, 3, 19, 
4), .Dim = c(11L, 2L)), xver = c(12, 24), Mhor = NULL, xhor = NULL, 
    Mrot = NULL, exact_h = NULL, exact_v = NULL, mcdonalds = FALSE, 
    celtic = FALSE, reefknot = FALSE, center_crossing = FALSE, 
    indep = structure(c(FALSE, FALSE, FALSE, FALSE, TRUE, FALSE, 
    FALSE, TRUE, TRUE, TRUE, TRUE, TRUE, FALSE, FALSE, FALSE, 
    FALSE, TRUE, TRUE, FALSE, TRUE, TRUE, TRUE, TRUE, TRUE, FALSE, 
    FALSE, FALSE, FALSE, TRUE, FALSE, FALSE, TRUE, TRUE, TRUE, 
    TRUE, FALSE, FALSE, FALSE, FALSE, FALSE, TRUE, TRUE, FALSE, 
    TRUE, TRUE, TRUE, TRUE, FALSE, FALSE, FALSE, FALSE, FALSE, 
    TRUE, FALSE, FALSE, TRUE, TRUE, TRUE, TRUE, FALSE, FALSE, 
    FALSE, FALSE, FALSE, TRUE, TRUE, FALSE, TRUE, TRUE, TRUE, 
    TRUE, FALSE, FALSE, FALSE, FALSE, FALSE, TRUE, FALSE, FALSE, 
    TRUE, TRUE, TRUE, TRUE, TRUE, FALSE, FALSE, FALSE, FALSE, 
    TRUE, TRUE, FALSE, TRUE, TRUE, TRUE, TRUE, TRUE), .Names = c("handle_A1", 
    "handle_A2", "handle_A3", "handle_A4", "handle_A5", "handle_A6", 
    "handle_A7", "handle_A8", "handle_A9", "handle_A10", "handle_A11", 
    "handle_A12", "handle_A13", "handle_A14", "handle_A15", "handle_A16", 
    "handle_A17", "handle_A18", "handle_A19", "handle_A20", "handle_A21", 
    "handle_A22", "handle_A23", "handle_A24", "handle_A25", "handle_A26", 
    "handle_A27", "handle_A28", "handle_A29", "handle_A30", "handle_A31", 
    "handle_A32", "handle_A33", "handle_A34", "handle_A35", "handle_A36", 
    "handle_A37", "handle_A38", "handle_A39", "handle_A40", "handle_A41", 
    "handle_A42", "handle_A43", "handle_A44", "handle_A45", "handle_A46", 
    "handle_A47", "handle_A48", "node1", "node2", "node3", "node4", 
    "node5", "node6", "node7", "node8", "node9", "node10", "node11", 
    "node12", "node13", "node14", "node15", "node16", "node17", 
    "node18", "node19", "node20", "node21", "node22", "node23", 
    "node24", "node25", "node26", "node27", "node28", "node29", 
    "node30", "node31", "node32", "node33", "node34", "node35", 
    "node36", "node37", "node38", "node39", "node40", "node41", 
    "node42", "node43", "node44", "node45", "node46", "node47", 
    "node48"))), .Names = c("Mver", "xver", "Mhor", "xhor", "Mrot", 
"exact_h", "exact_v", "mcdonalds", "celtic", "reefknot", "center_crossing", 
"indep"))), .Names = c("minsymvec", "overunderobj", "symobj"), class = "knot")
