`k9_4` <-
structure(list(minsymvec = structure(c(-39.6030411937785, -26.3590200140757, 
0.6824583259733, -161.29810610744, -173.113128683581, -246.048642328149, 
-273.055275322168, -35.7937199436778, -26.944996097876, -218.548205344884, 
-303.735001432369, -178.246578966514, 355.516348872815, 41.5952888411915, 
-532.709630287429, -533.376929758259, -413.790056347861, -86.9210474081902, 
321.55444315275, 219.629521445663, -144.494231327075, -193.964280308358, 
-331.563581990334, -402.898239373349, -33.3165938575764, -32.0156361675794, 
-54.601390377517, -180.075757798173, -174.953746356819, -265.344437850543, 
-156.92756272804, -37.142704227718, -102.400929478625, -255.582857066399, 
-254.3056535397, -90.3036547657447, 285.41925027829, -29.1307062311471, 
-547.335560242286, -480.910267774558, -316.539041564488, 39.6437181496631, 
383.225361192312, 128.66810270351, -169.156162280556, -230.455107079805, 
-379.176342626846, -448.276380540247), .Names = c("handle_A1", 
"handle_A3", "handle_A8", "handle_A9", "handle_A10", "handle_A11", 
"handle_A12", "handle_A14", "handle_A16", "handle_A17", "handle_A18", 
"handle_A19", "handle_A25", "handle_A27", "handle_A32", "handle_A33", 
"handle_A34", "handle_A35", "handle_A36", "handle_A38", "handle_A40", 
"handle_A41", "handle_A42", "handle_A43", "node1", "node3", "node8", 
"node9", "node10", "node11", "node12", "node14", "node16", "node17", 
"node18", "node19", "node25", "node27", "node32", "node33", "node34", 
"node35", "node36", "node38", "node40", "node41", "node42", "node43"
), class = "minsymvec"), overunderobj = structure(c(13, 2, 15, 
4, 23, 7, 20, 10, 17, 1, 14, 3, 16, 5, 22, 8, 19, 11), .Dim = c(9L, 
2L)), symobj = structure(list(Mver = structure(c(12, 1, 14, 11, 
3, 16, 17, 10, 18, 19, 9, 8, 24, 13, 2, 23, 15, 4, 5, 22, 6, 
7, 21, 20), .Dim = c(12L, 2L)), xver = NULL, Mhor = NULL, xhor = NULL, 
    Mrot = NULL, mcdonalds = TRUE, celtic = FALSE, indep = structure(c(TRUE, 
    FALSE, TRUE, FALSE, FALSE, FALSE, FALSE, TRUE, TRUE, TRUE, 
    TRUE, TRUE, FALSE, TRUE, FALSE, TRUE, TRUE, TRUE, TRUE, FALSE, 
    FALSE, FALSE, FALSE, FALSE, TRUE, FALSE, TRUE, FALSE, FALSE, 
    FALSE, FALSE, TRUE, TRUE, TRUE, TRUE, TRUE, FALSE, TRUE, 
    FALSE, TRUE, TRUE, TRUE, TRUE, FALSE, FALSE, FALSE, FALSE, 
    FALSE, TRUE, FALSE, TRUE, FALSE, FALSE, FALSE, FALSE, TRUE, 
    TRUE, TRUE, TRUE, TRUE, FALSE, TRUE, FALSE, TRUE, TRUE, TRUE, 
    TRUE, FALSE, FALSE, FALSE, FALSE, FALSE, TRUE, FALSE, TRUE, 
    FALSE, FALSE, FALSE, FALSE, TRUE, TRUE, TRUE, TRUE, TRUE, 
    FALSE, TRUE, FALSE, TRUE, TRUE, TRUE, TRUE, FALSE, FALSE, 
    FALSE, FALSE, FALSE), .Names = c("handle_A1", "handle_A2", 
    "handle_A3", "handle_A4", "handle_A5", "handle_A6", "handle_A7", 
    "handle_A8", "handle_A9", "handle_A10", "handle_A11", "handle_A12", 
    "handle_A13", "handle_A14", "handle_A15", "handle_A16", "handle_A17", 
    "handle_A18", "handle_A19", "handle_A20", "handle_A21", "handle_A22", 
    "handle_A23", "handle_A24", "handle_A25", "handle_A26", "handle_A27", 
    "handle_A28", "handle_A29", "handle_A30", "handle_A31", "handle_A32", 
    "handle_A33", "handle_A34", "handle_A35", "handle_A36", "handle_A37", 
    "handle_A38", "handle_A39", "handle_A40", "handle_A41", "handle_A42", 
    "handle_A43", "handle_A44", "handle_A45", "handle_A46", "handle_A47", 
    "handle_A48", "node1", "node2", "node3", "node4", "node5", 
    "node6", "node7", "node8", "node9", "node10", "node11", "node12", 
    "node13", "node14", "node15", "node16", "node17", "node18", 
    "node19", "node20", "node21", "node22", "node23", "node24", 
    "node25", "node26", "node27", "node28", "node29", "node30", 
    "node31", "node32", "node33", "node34", "node35", "node36", 
    "node37", "node38", "node39", "node40", "node41", "node42", 
    "node43", "node44", "node45", "node46", "node47", "node48"
    ))), .Names = c("Mver", "xver", "Mhor", "xhor", "Mrot", "mcdonalds", 
"celtic", "indep"))), .Names = c("minsymvec", "overunderobj", 
"symobj"), class = "knot")
