`k9_42` <-	
structure(list(minsymvec = structure(c(64.6160950203647, 179.680975292058, 
62.0420773189813, -84.5563094422521, -143.032629346565, -124.364862808797, 
19.0064621849068, 214.784660896959, 173.213948358188, 56.8257837438943, 
92.1722805057613, 181.423444266595, 326.13638846638, 176.717045817698, 
-20.3249845463911, -191.471570752466, -264.601331465463, -412.047333577744, 
-364.627214160049, -200.414749658634, -37.7873399458191, -44.9859129642731, 
-116.817177909893, -312.060902321115, -467.187158088673, -368.892288977382, 
-193.628533312608, -12.446314918892, 10.2064459891412, -129.816746040326, 
-269.011674429197, -321.980933553072, -419.443997587624, -519.9153913863, 
-685.131407722741, -611.902979829018, -448.032665912695, -239.376694061412, 
-133.359968159977, -48.8263916142947, -319.840781942364, -453.87300908885, 
-659.946507608279, -686.428035815351, -567.914653462449, -332.407176651353, 
-128.882443031229, -122.09568909162, -367.505708631499, -438.334159919857, 
-522.788510950506, -607.507254625484, -471.282397472662, -345.034033272635, 
-93.5603376309803, 109.429093792525, 148.117585289173, 4.42164595382122, 
-109.895711015599, -140.366695718978, -71.7472519056871, 93.0926987468512, 
212.463246534398, 121.374280617996, 62.3576125624695, 98.5829436462518, 
268.085683782677, 268.398301837945, 82.251405098839, -76.5834876509262, 
-232.114709161884, -316.559687284504, -415.531078371782, -312.172783308536, 
-119.298076368625, -38.7271980342029, -65.5664061305318, -190.87743107782, 
-374.941539041071, -437.187617951687, -287.276383638581, -131.225432135241, 
-24.7564253306981, -194.371977374352, -288.860260885545, -353.336670020663, 
-451.867943537206, -578.948220358461, -679.429569170738, -544.681905404791, 
-359.571843052962, -198.438335526197, -127.226925588681, -120.849806121059, 
-391.122936574105, -540.301793348077, -680.420946829627, -643.601707135021, 
-453.639539388773, -254.981620866721, -117.526462443642, -215.415115398832, 
-388.682669573812, -468.676844301625, -552.809632652865, -577.173085971513, 
-402.918140436033, -249.020913926645, -41.7972983915553, 10.6662832384655
), .Names = c("handle_A1", "handle_A2", "handle_A3", "handle_A4", 
"handle_A5", "handle_A6", "handle_A7", "handle_A8", "handle_A9", 
"handle_A10", "handle_A11", "handle_A12", "handle_A13", "handle_A14", 
"handle_A15", "handle_A16", "handle_A17", "handle_A18", "handle_A19", 
"handle_A20", "handle_A21", "handle_A22", "handle_A23", "handle_A24", 
"handle_A25", "handle_A26", "handle_A27", "handle_A28", "handle_A29", 
"handle_A30", "handle_A31", "handle_A32", "handle_A33", "handle_A34", 
"handle_A35", "handle_A36", "handle_A37", "handle_A38", "handle_A39", 
"handle_A40", "handle_A41", "handle_A42", "handle_A43", "handle_A44", 
"handle_A45", "handle_A46", "handle_A47", "handle_A48", "handle_A49", 
"handle_A50", "handle_A51", "handle_A52", "handle_A53", "handle_A54", 
"handle_A55", "node1", "node2", "node3", "node4", "node5", "node6", 
"node7", "node8", "node9", "node10", "node11", "node12", "node13", 
"node14", "node15", "node16", "node17", "node18", "node19", "node20", 
"node21", "node22", "node23", "node24", "node25", "node26", "node27", 
"node29", "node30", "node31", "node32", "node33", "node34", "node35", 
"node36", "node37", "node38", "node39", "node40", "node41", "node42", 
"node43", "node44", "node45", "node46", "node47", "node48", "node49", 
"node50", "node51", "node52", "node53", "node54", "node55", "node56"
), class = "minsymvec"), overunderobj = structure(c(2, 10, 21, 
6, 7, 14, 17, 26, 20, 12, 3, 4, 23, 15, 9, 24, 18, 27), .Dim = c(9L, 
2L)), symobj = structure(list(Mver = NULL, xver = 28, Mhor = NULL, 
    xhor = NULL, Mrot = NULL, exact_h = NULL, exact_v = NULL, 
    mcdonalds = FALSE, celtic = FALSE, reefknot = FALSE, center_crossing = FALSE, 
    indep = structure(c(TRUE, TRUE, TRUE, TRUE, TRUE, TRUE, TRUE, 
    TRUE, TRUE, TRUE, TRUE, TRUE, TRUE, TRUE, TRUE, TRUE, TRUE, 
    TRUE, TRUE, TRUE, TRUE, TRUE, TRUE, TRUE, TRUE, TRUE, TRUE, 
    TRUE, TRUE, TRUE, TRUE, TRUE, TRUE, TRUE, TRUE, TRUE, TRUE, 
    TRUE, TRUE, TRUE, TRUE, TRUE, TRUE, TRUE, TRUE, TRUE, TRUE, 
    TRUE, TRUE, TRUE, TRUE, TRUE, TRUE, TRUE, TRUE, FALSE, TRUE, 
    TRUE, TRUE, TRUE, TRUE, TRUE, TRUE, TRUE, TRUE, TRUE, TRUE, 
    TRUE, TRUE, TRUE, TRUE, TRUE, TRUE, TRUE, TRUE, TRUE, TRUE, 
    TRUE, TRUE, TRUE, TRUE, TRUE, TRUE, FALSE, TRUE, TRUE, TRUE, 
    TRUE, TRUE, TRUE, TRUE, TRUE, TRUE, TRUE, TRUE, TRUE, TRUE, 
    TRUE, TRUE, TRUE, TRUE, TRUE, TRUE, TRUE, TRUE, TRUE, TRUE, 
    TRUE, TRUE, TRUE, TRUE, TRUE), .Names = c("handle_A1", "handle_A2", 
    "handle_A3", "handle_A4", "handle_A5", "handle_A6", "handle_A7", 
    "handle_A8", "handle_A9", "handle_A10", "handle_A11", "handle_A12", 
    "handle_A13", "handle_A14", "handle_A15", "handle_A16", "handle_A17", 
    "handle_A18", "handle_A19", "handle_A20", "handle_A21", "handle_A22", 
    "handle_A23", "handle_A24", "handle_A25", "handle_A26", "handle_A27", 
    "handle_A28", "handle_A29", "handle_A30", "handle_A31", "handle_A32", 
    "handle_A33", "handle_A34", "handle_A35", "handle_A36", "handle_A37", 
    "handle_A38", "handle_A39", "handle_A40", "handle_A41", "handle_A42", 
    "handle_A43", "handle_A44", "handle_A45", "handle_A46", "handle_A47", 
    "handle_A48", "handle_A49", "handle_A50", "handle_A51", "handle_A52", 
    "handle_A53", "handle_A54", "handle_A55", "handle_A56", "node1", 
    "node2", "node3", "node4", "node5", "node6", "node7", "node8", 
    "node9", "node10", "node11", "node12", "node13", "node14", 
    "node15", "node16", "node17", "node18", "node19", "node20", 
    "node21", "node22", "node23", "node24", "node25", "node26", 
    "node27", "node28", "node29", "node30", "node31", "node32", 
    "node33", "node34", "node35", "node36", "node37", "node38", 
    "node39", "node40", "node41", "node42", "node43", "node44", 
    "node45", "node46", "node47", "node48", "node49", "node50", 
    "node51", "node52", "node53", "node54", "node55", "node56"
    ))), .Names = c("Mver", "xver", "Mhor", "xhor", "Mrot", "exact_h", 
"exact_v", "mcdonalds", "celtic", "reefknot", "center_crossing", 
"indep"))), .Names = c("minsymvec", "overunderobj", "symobj"), class = "knot")
