`k9_43` <-	
structure(list(minsymvec = structure(c(189.283910569536, 200.581440869672, 
-84.2380902363587, -105.985759860337, 43.223830513353, -239.131671869688, 
-410.182597022692, -281.074793882341, -62.0941775989656, -39.8945865063418, 
-326.197630477045, -285.442592948952, -135.129927719572, 229.667678655279, 
369.54806311675, 344.562241606711, 163.641994157572, -65.7669855803751, 
-182.143016308685, -104.555368763017, 154.973934028601, -234.272105340436, 
-556.692280355347, -683.59671122041, -510.485189352111, -258.001257454042, 
-30.1405038582498, -243.429180501105, -423.484831149539, -523.604840966643, 
-748.505909803996, -696.196054648216, -391.77186594473, -273.689831706333, 
-190.831666092864, -381.877938786416, -443.313528185231, -479.546103593843, 
-375.129106142032, -273.963340080912, -67.6580271671437, 192.761146515016, 
110.916902161187, -111.672909909759, -71.8431749146305, -53.7888589665025, 
-315.044169402264, -375.439178609291, -198.115631890701, -37.1378911563667, 
-136.463092660064, -338.196005381824, -233.784720610183, -101.022965014331, 
315.523323387137, 366.588312407108, 288.962479609754, 64.5769151602056, 
-97.0499827343944, -174.49725422852, 174.835391695148, -325.540347894346, 
-645.459720431361, -616.740453419995, -456.715318897226, -149.994998533659, 
-83.4011934809288, -317.649673231042, -467.541936054915, -588.877135252783, 
-766.132597329367, -582.143378493736, -342.938773621824, -264.304764073912, 
-246.422363235891, -389.311023628702, -464.06297547062, -432.611296681531, 
-351.172243742429, -173.700575491145, 9.096319278139, -125.982572797115
), .Names = c("handle_A1", "handle_A2", "handle_A3", "handle_A4", 
"handle_A5", "handle_A6", "handle_A7", "handle_A8", "handle_A9", 
"handle_A10", "handle_A11", "handle_A12", "handle_A13", "handle_A14", 
"handle_A15", "handle_A16", "handle_A17", "handle_A18", "handle_A19", 
"handle_A20", "handle_A21", "handle_A22", "handle_A23", "handle_A24", 
"handle_A25", "handle_A26", "handle_A27", "handle_A28", "handle_A29", 
"handle_A30", "handle_A31", "handle_A32", "handle_A33", "handle_A34", 
"handle_A35", "handle_A36", "handle_A37", "handle_A38", "handle_A39", 
"handle_A40", "handle_A42", "node1", "node2", "node3", "node4", 
"node5", "node6", "node7", "node8", "node9", "node10", "node11", 
"node12", "node13", "node14", "node15", "node16", "node17", "node18", 
"node19", "node21", "node22", "node23", "node24", "node25", "node26", 
"node27", "node28", "node29", "node30", "node31", "node32", "node33", 
"node34", "node35", "node36", "node37", "node38", "node39", "node40", 
"node41", "node42"), class = "minsymvec"), overunderobj = structure(c(1, 
17, 10, 4, 5, 20, 13, 8, 14, 14, 2, 3, 9, 18, 6, 19, 12, 5), .Dim = c(9L, 
2L)), symobj = structure(list(Mver = NULL, xver = 20, Mhor = NULL, 
    xhor = NULL, Mrot = NULL, exact_h = NULL, exact_v = NULL, 
    mcdonalds = FALSE, celtic = FALSE, reefknot = FALSE, center_crossing = FALSE, 
    indep = structure(c(TRUE, TRUE, TRUE, TRUE, TRUE, TRUE, TRUE, 
    TRUE, TRUE, TRUE, TRUE, TRUE, TRUE, TRUE, TRUE, TRUE, TRUE, 
    TRUE, TRUE, TRUE, TRUE, TRUE, TRUE, TRUE, TRUE, TRUE, TRUE, 
    TRUE, TRUE, TRUE, TRUE, TRUE, TRUE, TRUE, TRUE, TRUE, TRUE, 
    TRUE, TRUE, TRUE, FALSE, TRUE, TRUE, TRUE, TRUE, TRUE, TRUE, 
    TRUE, TRUE, TRUE, TRUE, TRUE, TRUE, TRUE, TRUE, TRUE, TRUE, 
    TRUE, TRUE, TRUE, TRUE, FALSE, TRUE, TRUE, TRUE, TRUE, TRUE, 
    TRUE, TRUE, TRUE, TRUE, TRUE, TRUE, TRUE, TRUE, TRUE, TRUE, 
    TRUE, TRUE, TRUE, TRUE, TRUE, TRUE, TRUE), .Names = c("handle_A1", 
    "handle_A2", "handle_A3", "handle_A4", "handle_A5", "handle_A6", 
    "handle_A7", "handle_A8", "handle_A9", "handle_A10", "handle_A11", 
    "handle_A12", "handle_A13", "handle_A14", "handle_A15", "handle_A16", 
    "handle_A17", "handle_A18", "handle_A19", "handle_A20", "handle_A21", 
    "handle_A22", "handle_A23", "handle_A24", "handle_A25", "handle_A26", 
    "handle_A27", "handle_A28", "handle_A29", "handle_A30", "handle_A31", 
    "handle_A32", "handle_A33", "handle_A34", "handle_A35", "handle_A36", 
    "handle_A37", "handle_A38", "handle_A39", "handle_A40", "handle_A41", 
    "handle_A42", "node1", "node2", "node3", "node4", "node5", 
    "node6", "node7", "node8", "node9", "node10", "node11", "node12", 
    "node13", "node14", "node15", "node16", "node17", "node18", 
    "node19", "node20", "node21", "node22", "node23", "node24", 
    "node25", "node26", "node27", "node28", "node29", "node30", 
    "node31", "node32", "node33", "node34", "node35", "node36", 
    "node37", "node38", "node39", "node40", "node41", "node42"
    ))), .Names = c("Mver", "xver", "Mhor", "xhor", "Mrot", "exact_h", 
"exact_v", "mcdonalds", "celtic", "reefknot", "center_crossing", 
"indep"))), .Names = c("minsymvec", "overunderobj", "symobj"), class = "knot")
