`k9_44` <-	
structure(list(minsymvec = structure(c(197.127766493963, 186.088917938103, 
81.8559792113337, -62.4198161519508, -312.545098492063, -192.730520216856, 
-53.2231224770739, 249.888649370596, 317.383206510333, 76.9304097063247, 
-161.039837018334, -291.997296862489, -206.699146695646, -15.7579516171129, 
146.622945200868, 11.2901394475515, -149.624086655521, -40.8963504946607, 
105.87081138114, 122.015501273467, -39.8731390285908, -68.2856307543436, 
-50.0008628320913, -3.79421902597427, -253.965690620218, -345.531414491687, 
-443.011054588617, -321.171155018302, -103.398670639609, -93.5718441792827, 
-263.600863230418, -494.003983241781, -718.014672799743, -688.260431616687, 
-547.563470833938, -324.184543334467, -255.090946403064, -373.40633164461, 
-531.478766013544, -758.222304592694, -889.523502387262, -670.218022245929, 
-391.582489151581, -230.225638882415, -56.8578150152573, 225.637227410482, 
154.835892576232, 37.1921176379963, -151.463553184819, -293.417172601696, 
-148.638764433619, 76.9662517418339, 280.117286162655, 255.313711993483, 
-11.6959329382915, -206.409939632531, -284.739961856783, -146.798231580418, 
38.47277897419, 111.705692001717, -60.6549503933604, -123.545158960081, 
132.796308752737, 88.8265732914498, -54.1983370225286, -63.7484933160966, 
21.914345553968, -95.9838104290026, -284.422236041239, -375.407524848518, 
-416.440901999889, -228.284927017507, -96.5341292156704, -160.703243796637, 
-330.635321425006, -590.498860135604, -716.1768543523, -649.368465756316, 
-467.192672028185, -290.794400610809, -282.14609602856, -454.192164193173, 
-601.886375296791, -823.169623772801, -910.292722076157, -815.008760720433, 
-615.409190311889, -326.794207493146, -183.660384633139, -15.2754543789325
), .Names = c("handle_A1", "handle_A2", "handle_A3", "handle_A4", 
"handle_A5", "handle_A6", "handle_A7", "handle_A8", "handle_A9", 
"handle_A10", "handle_A11", "handle_A12", "handle_A13", "handle_A14", 
"handle_A15", "handle_A16", "handle_A17", "handle_A18", "handle_A19", 
"handle_A20", "handle_A21", "handle_A22", "handle_A23", "handle_A24", 
"handle_A25", "handle_A26", "handle_A27", "handle_A28", "handle_A29", 
"handle_A30", "handle_A31", "handle_A32", "handle_A33", "handle_A34", 
"handle_A35", "handle_A36", "handle_A37", "handle_A38", "handle_A39", 
"handle_A40", "handle_A42", "handle_A43", "handle_A44", "handle_A45", 
"handle_A46", "node1", "node2", "node3", "node4", "node5", "node6", 
"node7", "node8", "node9", "node10", "node11", "node12", "node13", 
"node14", "node15", "node16", "node17", "node19", "node20", "node21", 
"node22", "node23", "node24", "node25", "node26", "node27", "node28", 
"node29", "node30", "node31", "node32", "node33", "node34", "node35", 
"node36", "node37", "node38", "node39", "node40", "node41", "node42", 
"node43", "node44", "node45", "node46"), class = "minsymvec"), 
    overunderobj = structure(c(8, 20, 11, 16, 3, 22, 13, 23, 
    4, 2, 10, 17, 21, 15, 14, 5, 7, 21), .Dim = c(9L, 2L)), symobj = structure(list(
        Mver = NULL, xver = 18, Mhor = NULL, xhor = NULL, Mrot = NULL, 
        exact_h = NULL, exact_v = NULL, mcdonalds = FALSE, celtic = FALSE, 
        reefknot = FALSE, center_crossing = FALSE, indep = structure(c(TRUE, 
        TRUE, TRUE, TRUE, TRUE, TRUE, TRUE, TRUE, TRUE, TRUE, 
        TRUE, TRUE, TRUE, TRUE, TRUE, TRUE, TRUE, TRUE, TRUE, 
        TRUE, TRUE, TRUE, TRUE, TRUE, TRUE, TRUE, TRUE, TRUE, 
        TRUE, TRUE, TRUE, TRUE, TRUE, TRUE, TRUE, TRUE, TRUE, 
        TRUE, TRUE, TRUE, FALSE, TRUE, TRUE, TRUE, TRUE, TRUE, 
        TRUE, TRUE, TRUE, TRUE, TRUE, TRUE, TRUE, TRUE, TRUE, 
        TRUE, TRUE, TRUE, TRUE, TRUE, TRUE, TRUE, TRUE, FALSE, 
        TRUE, TRUE, TRUE, TRUE, TRUE, TRUE, TRUE, TRUE, TRUE, 
        TRUE, TRUE, TRUE, TRUE, TRUE, TRUE, TRUE, TRUE, TRUE, 
        TRUE, TRUE, TRUE, TRUE, TRUE, TRUE, TRUE, TRUE, TRUE, 
        TRUE), .Names = c("handle_A1", "handle_A2", "handle_A3", 
        "handle_A4", "handle_A5", "handle_A6", "handle_A7", "handle_A8", 
        "handle_A9", "handle_A10", "handle_A11", "handle_A12", 
        "handle_A13", "handle_A14", "handle_A15", "handle_A16", 
        "handle_A17", "handle_A18", "handle_A19", "handle_A20", 
        "handle_A21", "handle_A22", "handle_A23", "handle_A24", 
        "handle_A25", "handle_A26", "handle_A27", "handle_A28", 
        "handle_A29", "handle_A30", "handle_A31", "handle_A32", 
        "handle_A33", "handle_A34", "handle_A35", "handle_A36", 
        "handle_A37", "handle_A38", "handle_A39", "handle_A40", 
        "handle_A41", "handle_A42", "handle_A43", "handle_A44", 
        "handle_A45", "handle_A46", "node1", "node2", "node3", 
        "node4", "node5", "node6", "node7", "node8", "node9", 
        "node10", "node11", "node12", "node13", "node14", "node15", 
        "node16", "node17", "node18", "node19", "node20", "node21", 
        "node22", "node23", "node24", "node25", "node26", "node27", 
        "node28", "node29", "node30", "node31", "node32", "node33", 
        "node34", "node35", "node36", "node37", "node38", "node39", 
        "node40", "node41", "node42", "node43", "node44", "node45", 
        "node46"))), .Names = c("Mver", "xver", "Mhor", "xhor", 
    "Mrot", "exact_h", "exact_v", "mcdonalds", "celtic", "reefknot", 
    "center_crossing", "indep"))), .Names = c("minsymvec", "overunderobj", 
"symobj"), class = "knot")
