`k9_45` <-	
structure(list(minsymvec = structure(c(92.5027556857925, 178.865808878405, 
414.658110179785, 433.991375532844, 227.626131225971, 86.4940944167014, 
65.713640875336, 75.2504430633299, 218.747905498275, 424.102962645268, 
375.973667800559, 231.556304336791, 45.2355974865495, -55.3663262328163, 
-68.2288359102327, -165.763488115801, -294.810115677746, -127.022707926001, 
134.700307016841, 164.874138016513, 115.765196846814, -100.916778867814, 
-294.455140484365, -276.000804997809, -54.5380944417618, -121.59860379052, 
-188.504811184223, -390.742235754615, -624.671002284439, -635.912796515971, 
-499.10960685006, -422.090696072506, -327.758841778372, -147.195776566781, 
-214.527938592765, -388.949007367348, -667.69920631659, -723.695151359656, 
-606.266895997036, -310.48938776837, -5.69286539407666, -318.415354020511, 
-316.378935358856, -365.789333788945, -433.375494813024, -545.29417272076, 
-621.036181589998, -501.296563857873, -269.717139033334, 126.280307837563, 
274.975983554843, 442.646859615902, 358.302918610227, 167.167647653612, 
77.3159425160621, 67.0854988568169, 124.229157842012, 290.471759205495, 
421.596511844515, 307.862311944829, 171.174926973567, 1.77671436750134, 
-66.4835927465589, -79.6172690176859, -284.751243709771, -151.696838502845, 
-13.6458110750408, 145.149160208268, 154.944288686297, 35.4407825264411, 
-169.159773562748, -304.397370438983, -197.147482708028, -143.274734254011, 
-292.588249032371, -466.364882782283, -650.306143352382, -587.233746255728, 
-472.81236431379, -399.588581755207, -259.829417348412, -150.712578815907, 
-296.11879346713, -505.646271933312, -701.528205170909, -687.220675479207, 
-472.535544392013, -233.039687672534, -85.7478766551176, -316.729791081149, 
-315.149625500372, -384.649228528465, -469.410674034501, -575.479297844077, 
-593.512677422924, -414.800241771237, -199.026362941939, -106.25791271251
), .Names = c("handle_A1", "handle_A2", "handle_A3", "handle_A4", 
"handle_A5", "handle_A6", "handle_A7", "handle_A8", "handle_A9", 
"handle_A10", "handle_A11", "handle_A12", "handle_A13", "handle_A14", 
"handle_A15", "handle_A16", "handle_A17", "handle_A18", "handle_A19", 
"handle_A20", "handle_A21", "handle_A22", "handle_A23", "handle_A24", 
"handle_A25", "handle_A26", "handle_A27", "handle_A28", "handle_A29", 
"handle_A30", "handle_A31", "handle_A32", "handle_A33", "handle_A34", 
"handle_A35", "handle_A36", "handle_A37", "handle_A38", "handle_A39", 
"handle_A40", "handle_A41", "handle_A42", "handle_A43", "handle_A44", 
"handle_A45", "handle_A46", "handle_A47", "handle_A48", "handle_A49", 
"node1", "node2", "node3", "node4", "node5", "node6", "node7", 
"node8", "node9", "node10", "node11", "node12", "node13", "node14", 
"node15", "node16", "node17", "node18", "node19", "node20", "node21", 
"node22", "node23", "node24", "node26", "node27", "node28", "node29", 
"node30", "node31", "node32", "node33", "node34", "node35", "node36", 
"node37", "node38", "node39", "node40", "node41", "node42", "node43", 
"node44", "node45", "node46", "node47", "node48", "node49", "node50"
), class = "minsymvec"), overunderobj = structure(c(9, 3, 12, 
21, 8, 14, 18, 16, 24, 2, 11, 5, 6, 19, 22, 15, 25, 17), .Dim = c(9L, 
2L)), symobj = structure(list(Mver = NULL, xver = 25, Mhor = NULL, 
    xhor = NULL, Mrot = NULL, exact_h = NULL, exact_v = NULL, 
    mcdonalds = FALSE, celtic = FALSE, reefknot = FALSE, center_crossing = FALSE, 
    indep = structure(c(TRUE, TRUE, TRUE, TRUE, TRUE, TRUE, TRUE, 
    TRUE, TRUE, TRUE, TRUE, TRUE, TRUE, TRUE, TRUE, TRUE, TRUE, 
    TRUE, TRUE, TRUE, TRUE, TRUE, TRUE, TRUE, TRUE, TRUE, TRUE, 
    TRUE, TRUE, TRUE, TRUE, TRUE, TRUE, TRUE, TRUE, TRUE, TRUE, 
    TRUE, TRUE, TRUE, TRUE, TRUE, TRUE, TRUE, TRUE, TRUE, TRUE, 
    TRUE, TRUE, FALSE, TRUE, TRUE, TRUE, TRUE, TRUE, TRUE, TRUE, 
    TRUE, TRUE, TRUE, TRUE, TRUE, TRUE, TRUE, TRUE, TRUE, TRUE, 
    TRUE, TRUE, TRUE, TRUE, TRUE, TRUE, TRUE, FALSE, TRUE, TRUE, 
    TRUE, TRUE, TRUE, TRUE, TRUE, TRUE, TRUE, TRUE, TRUE, TRUE, 
    TRUE, TRUE, TRUE, TRUE, TRUE, TRUE, TRUE, TRUE, TRUE, TRUE, 
    TRUE, TRUE, TRUE), .Names = c("handle_A1", "handle_A2", "handle_A3", 
    "handle_A4", "handle_A5", "handle_A6", "handle_A7", "handle_A8", 
    "handle_A9", "handle_A10", "handle_A11", "handle_A12", "handle_A13", 
    "handle_A14", "handle_A15", "handle_A16", "handle_A17", "handle_A18", 
    "handle_A19", "handle_A20", "handle_A21", "handle_A22", "handle_A23", 
    "handle_A24", "handle_A25", "handle_A26", "handle_A27", "handle_A28", 
    "handle_A29", "handle_A30", "handle_A31", "handle_A32", "handle_A33", 
    "handle_A34", "handle_A35", "handle_A36", "handle_A37", "handle_A38", 
    "handle_A39", "handle_A40", "handle_A41", "handle_A42", "handle_A43", 
    "handle_A44", "handle_A45", "handle_A46", "handle_A47", "handle_A48", 
    "handle_A49", "handle_A50", "node1", "node2", "node3", "node4", 
    "node5", "node6", "node7", "node8", "node9", "node10", "node11", 
    "node12", "node13", "node14", "node15", "node16", "node17", 
    "node18", "node19", "node20", "node21", "node22", "node23", 
    "node24", "node25", "node26", "node27", "node28", "node29", 
    "node30", "node31", "node32", "node33", "node34", "node35", 
    "node36", "node37", "node38", "node39", "node40", "node41", 
    "node42", "node43", "node44", "node45", "node46", "node47", 
    "node48", "node49", "node50"))), .Names = c("Mver", "xver", 
"Mhor", "xhor", "Mrot", "exact_h", "exact_v", "mcdonalds", "celtic", 
"reefknot", "center_crossing", "indep"))), .Names = c("minsymvec", 
"overunderobj", "symobj"), class = "knot")
