`k9_45` <- 
structure(list(minsymvec = structure(c(88.3356859612178, 196.917289854012, 
434.995582263609, 420.716158772247, 241.896174059586, 88.6737193548599, 
68.9184735129794, 73.3391358954746, 249.051710767699, 416.25924051139, 
400.810392024026, 229.167463079845, 47.3922982895176, -55.1009882436127, 
-63.6844825301865, -179.125718176186, -294.81577772164, -109.867084282652, 
130.335386680097, 162.882181967792, 123.339590576262, -99.7389349244806, 
-290.482802657225, -278.412851729674, -48.7459736486168, -105.828134479698, 
-180.455844039186, -416.310935874892, -623.889530073771, -645.613296614573, 
-501.592078542858, -432.769252937453, -326.216911475278, -155.148220765469, 
-218.938749080815, -403.577073037418, -682.615020315335, -706.93946708056, 
-617.995644546565, -318.708344440967, -0.00590754332325942, -296.450086153534, 
-308.015563526402, -367.311681590418, -442.328767056001, -553.765328502046, 
-622.709852735584, -483.494530287396, -246.083454513821, 127.767566968574, 
294.450032272962, 447.613716419806, 359.509945045827, 176.380505003438, 
80.4450050646051, 69.126975321717, 132.273509291262, 306.079446268222, 
425.276699970686, 329.123422773912, 165.294012168849, 16.5252078596117, 
-66.0184216064028, -74.7767099886839, -282.956447167355, -153.547414703131, 
-7.31100935498298, 143.200875833046, 155.581808786075, 47.0152687036324, 
-169.493276620864, -300.67155263396, -199.470961428995, -128.723995172891, 
-287.382033073308, -488.10764625293, -646.27243240571, -597.75413192629, 
-478.396619904368, -410.739478664786, -252.929982234567, -164.280163026262, 
-291.453535671891, -521.041655404002, -705.17345464344, -684.146197106712, 
-468.60339584581, -220.439842574947, -76.8491097762992, -305.458321338816, 
-314.76427227356, -390.058196907032, -474.759437894157, -584.401316214622, 
-587.662548678727, -400.378440918737, -176.620945818491, -92.8492576470116
), .Names = c("handle_A1", "handle_A2", "handle_A3", "handle_A4", 
"handle_A5", "handle_A6", "handle_A7", "handle_A8", "handle_A9", 
"handle_A10", "handle_A11", "handle_A12", "handle_A13", "handle_A14", 
"handle_A15", "handle_A16", "handle_A17", "handle_A18", "handle_A19", 
"handle_A20", "handle_A21", "handle_A22", "handle_A23", "handle_A24", 
"handle_A25", "handle_A26", "handle_A27", "handle_A28", "handle_A29", 
"handle_A30", "handle_A31", "handle_A32", "handle_A33", "handle_A34", 
"handle_A35", "handle_A36", "handle_A37", "handle_A38", "handle_A39", 
"handle_A40", "handle_A41", "handle_A42", "handle_A43", "handle_A44", 
"handle_A45", "handle_A46", "handle_A47", "handle_A48", "handle_A49", 
"node1", "node2", "node3", "node4", "node5", "node6", "node7", 
"node8", "node9", "node10", "node11", "node12", "node13", "node14", 
"node15", "node16", "node17", "node18", "node19", "node20", "node21", 
"node22", "node23", "node24", "node26", "node27", "node28", "node29", 
"node30", "node31", "node32", "node33", "node34", "node35", "node36", 
"node37", "node38", "node39", "node40", "node41", "node42", "node43", 
"node44", "node45", "node46", "node47", "node48", "node49", "node50"
), class = "minsymvec"), overunderobj = structure(c(9, 3, 12, 
21, 8, 14, 18, 16, 24, 2, 11, 5, 6, 19, 22, 15, 25, 17), .Dim = c(9L, 
2L)), symobj = structure(list(Mver = NULL, xver = 25, Mhor = NULL, 
    xhor = NULL, Mrot = NULL, exact_h = NULL, exact_v = NULL, 
    mcdonalds = FALSE, celtic = FALSE, reefknot = FALSE, center_crossing = FALSE, 
    indep = structure(c(TRUE, TRUE, TRUE, TRUE, TRUE, TRUE, TRUE, 
    TRUE, TRUE, TRUE, TRUE, TRUE, TRUE, TRUE, TRUE, TRUE, TRUE, 
    TRUE, TRUE, TRUE, TRUE, TRUE, TRUE, TRUE, TRUE, TRUE, TRUE, 
    TRUE, TRUE, TRUE, TRUE, TRUE, TRUE, TRUE, TRUE, TRUE, TRUE, 
    TRUE, TRUE, TRUE, TRUE, TRUE, TRUE, TRUE, TRUE, TRUE, TRUE, 
    TRUE, TRUE, FALSE, TRUE, TRUE, TRUE, TRUE, TRUE, TRUE, TRUE, 
    TRUE, TRUE, TRUE, TRUE, TRUE, TRUE, TRUE, TRUE, TRUE, TRUE, 
    TRUE, TRUE, TRUE, TRUE, TRUE, TRUE, TRUE, FALSE, TRUE, TRUE, 
    TRUE, TRUE, TRUE, TRUE, TRUE, TRUE, TRUE, TRUE, TRUE, TRUE, 
    TRUE, TRUE, TRUE, TRUE, TRUE, TRUE, TRUE, TRUE, TRUE, TRUE, 
    TRUE, TRUE, TRUE), .Names = c("handle_A1", "handle_A2", "handle_A3", 
    "handle_A4", "handle_A5", "handle_A6", "handle_A7", "handle_A8", 
    "handle_A9", "handle_A10", "handle_A11", "handle_A12", "handle_A13", 
    "handle_A14", "handle_A15", "handle_A16", "handle_A17", "handle_A18", 
    "handle_A19", "handle_A20", "handle_A21", "handle_A22", "handle_A23", 
    "handle_A24", "handle_A25", "handle_A26", "handle_A27", "handle_A28", 
    "handle_A29", "handle_A30", "handle_A31", "handle_A32", "handle_A33", 
    "handle_A34", "handle_A35", "handle_A36", "handle_A37", "handle_A38", 
    "handle_A39", "handle_A40", "handle_A41", "handle_A42", "handle_A43", 
    "handle_A44", "handle_A45", "handle_A46", "handle_A47", "handle_A48", 
    "handle_A49", "handle_A50", "node1", "node2", "node3", "node4", 
    "node5", "node6", "node7", "node8", "node9", "node10", "node11", 
    "node12", "node13", "node14", "node15", "node16", "node17", 
    "node18", "node19", "node20", "node21", "node22", "node23", 
    "node24", "node25", "node26", "node27", "node28", "node29", 
    "node30", "node31", "node32", "node33", "node34", "node35", 
    "node36", "node37", "node38", "node39", "node40", "node41", 
    "node42", "node43", "node44", "node45", "node46", "node47", 
    "node48", "node49", "node50"))), .Names = c("Mver", "xver", 
"Mhor", "xhor", "Mrot", "exact_h", "exact_v", "mcdonalds", "celtic", 
"reefknot", "center_crossing", "indep"))), .Names = c("minsymvec", 
"overunderobj", "symobj"), class = "knot")
