`k9_46` <- 
structure(list(minsymvec = structure(c(-9.13891804891496, -116.311154943569, 
-9.29228183121514, -252.126135792403, -272.595588152321, -353.582171479102, 
-250.222343906931, -170.341375480104, 10.1681187863665, 34.2903303060873, 
324.52558877462, 296.356318685361, 124.831453800882, -9.70265441915476, 
48.6656601611284, 135.490461888632, 185.679963681366, -48.4585613475066, 
-133.449714341244, -98.4753819708735, -271.143700943282, -236.265288032845, 
-354.481058810865, -319.611564609227, -174.35114467127, -88.3722972360001, 
24.6106806868728, 29.4475733415833, 339.557799878086, 235.588891507135, 
59.6120675322299, 88.7466118805447, 183.167417969263, 237.1989028807
), .Names = c("handle_A5", "handle_A6", "handle_A17", "handle_A18", 
"handle_A19", "handle_A31", "handle_A32", "handle_A33", "handle_A39", 
"handle_A40", "handle_A51", "handle_A52", "handle_A53", "handle_A64", 
"handle_A65", "handle_A66", "handle_A67", "node5", "node6", "node17", 
"node18", "node19", "node30", "node31", "node32", "node33", "node39", 
"node40", "node51", "node52", "node53", "node65", "node66", "node67"
), class = "minsymvec"), overunderobj = structure(c(17, 2, 24, 
5, 20, 29, 10, 25, 32, 34, 15, 3, 22, 7, 8, 27, 12, 19), .Dim = c(9L, 
2L)), symobj = structure(list(Mver = structure(c(17, 18, 33, 
32, 31, 30, 29, 19, 7, 6, 20, 5, 21, 28, 27, 8, 9, 34, 1, 16, 
15, 14, 13, 12, 2, 24, 23, 3, 22, 4, 11, 10, 25, 26), .Dim = c(17L, 
2L)), xver = NULL, Mhor = structure(c(31, 18, 17, 19, 32, 33, 
34, 16, 15, 6, 5, 22, 23, 2, 14, 1, 29, 8, 9, 7, 28, 27, 26, 
10, 11, 20, 21, 4, 3, 24, 12, 25), .Dim = c(16L, 2L)), xhor = c(30, 
13), Mrot = NULL, exact_h = NULL, exact_v = NULL, mcdonalds = TRUE, 
    celtic = TRUE, reefknot = FALSE, center_crossing = FALSE, 
    indep = structure(c(FALSE, FALSE, FALSE, FALSE, TRUE, TRUE, 
    FALSE, FALSE, FALSE, FALSE, FALSE, FALSE, FALSE, FALSE, FALSE, 
    FALSE, TRUE, TRUE, TRUE, FALSE, FALSE, FALSE, FALSE, FALSE, 
    FALSE, FALSE, FALSE, FALSE, FALSE, FALSE, TRUE, TRUE, TRUE, 
    FALSE, FALSE, FALSE, FALSE, FALSE, TRUE, TRUE, FALSE, FALSE, 
    FALSE, FALSE, FALSE, FALSE, FALSE, FALSE, FALSE, FALSE, TRUE, 
    TRUE, TRUE, FALSE, FALSE, FALSE, FALSE, FALSE, FALSE, FALSE, 
    FALSE, FALSE, FALSE, TRUE, TRUE, TRUE, TRUE, FALSE, FALSE, 
    FALSE, FALSE, FALSE, TRUE, TRUE, FALSE, FALSE, FALSE, FALSE, 
    FALSE, FALSE, FALSE, FALSE, FALSE, FALSE, TRUE, TRUE, TRUE, 
    FALSE, FALSE, FALSE, FALSE, FALSE, FALSE, FALSE, FALSE, FALSE, 
    FALSE, TRUE, TRUE, TRUE, TRUE, FALSE, FALSE, FALSE, FALSE, 
    FALSE, TRUE, TRUE, FALSE, FALSE, FALSE, FALSE, FALSE, FALSE, 
    FALSE, FALSE, FALSE, FALSE, TRUE, TRUE, TRUE, FALSE, FALSE, 
    FALSE, FALSE, FALSE, FALSE, FALSE, FALSE, FALSE, FALSE, FALSE, 
    TRUE, TRUE, TRUE, FALSE), .Names = c("handle_A1", "handle_A2", 
    "handle_A3", "handle_A4", "handle_A5", "handle_A6", "handle_A7", 
    "handle_A8", "handle_A9", "handle_A10", "handle_A11", "handle_A12", 
    "handle_A13", "handle_A14", "handle_A15", "handle_A16", "handle_A17", 
    "handle_A18", "handle_A19", "handle_A20", "handle_A21", "handle_A22", 
    "handle_A23", "handle_A24", "handle_A25", "handle_A26", "handle_A27", 
    "handle_A28", "handle_A29", "handle_A30", "handle_A31", "handle_A32", 
    "handle_A33", "handle_A34", "handle_A35", "handle_A36", "handle_A37", 
    "handle_A38", "handle_A39", "handle_A40", "handle_A41", "handle_A42", 
    "handle_A43", "handle_A44", "handle_A45", "handle_A46", "handle_A47", 
    "handle_A48", "handle_A49", "handle_A50", "handle_A51", "handle_A52", 
    "handle_A53", "handle_A54", "handle_A55", "handle_A56", "handle_A57", 
    "handle_A58", "handle_A59", "handle_A60", "handle_A61", "handle_A62", 
    "handle_A63", "handle_A64", "handle_A65", "handle_A66", "handle_A67", 
    "handle_A68", "node1", "node2", "node3", "node4", "node5", 
    "node6", "node7", "node8", "node9", "node10", "node11", "node12", 
    "node13", "node14", "node15", "node16", "node17", "node18", 
    "node19", "node20", "node21", "node22", "node23", "node24", 
    "node25", "node26", "node27", "node28", "node29", "node30", 
    "node31", "node32", "node33", "node34", "node35", "node36", 
    "node37", "node38", "node39", "node40", "node41", "node42", 
    "node43", "node44", "node45", "node46", "node47", "node48", 
    "node49", "node50", "node51", "node52", "node53", "node54", 
    "node55", "node56", "node57", "node58", "node59", "node60", 
    "node61", "node62", "node63", "node64", "node65", "node66", 
    "node67", "node68"))), .Names = c("Mver", "xver", "Mhor", 
"xhor", "Mrot", "exact_h", "exact_v", "mcdonalds", "celtic", 
"reefknot", "center_crossing", "indep"))), .Names = c("minsymvec", 
"overunderobj", "symobj"), class = "knot")
