`k9_46` <-	
structure(list(minsymvec = structure(c(-2.57471471020659, -119.143281764116, 
0.806981023060617, -266.810947445458, -271.529031565855, -238.431688209688, 
11.7377783886555, 41.0141336388857, 320.296770508568, 293.443432138959, 
117.886279602459, -116.395831669174, 124.757071594674, -43.8763281006494, 
-138.32399237108, -95.6252834601946, -284.040980221643, -231.404431426855, 
-344.20286598354, -114.655728364801, 30.5748694509298, 33.5241920881521, 
338.732373103206, 224.251785409095, 55.0411867409083, 198.182365296036
), .Names = c("handle_A5", "handle_A6", "handle_A13", "handle_A14", 
"handle_A15", "handle_A25", "handle_A31", "handle_A32", "handle_A39", 
"handle_A40", "handle_A41", "handle_A50", "handle_A51", "node5", 
"node6", "node13", "node14", "node15", "node24", "node25", "node31", 
"node32", "node39", "node40", "node41", "node51"), class = "minsymvec"), 
    overunderobj = structure(c(13, 2, 21, 10, 24, 25, 20, 5, 
    16, 26, 12, 11, 23, 8, 15, 3, 18, 7), .Dim = c(9L, 2L)), 
    symobj = structure(list(Mver = structure(c(13, 14, 25, 24, 
    15, 6, 5, 7, 16, 17, 23, 8, 9, 26, 1, 12, 11, 2, 19, 18, 
    20, 3, 4, 10, 21, 22), .Dim = c(13L, 2L)), xver = NULL, Mhor = structure(c(14, 
    13, 25, 15, 6, 5, 26, 12, 18, 19, 1, 2, 8, 9, 23, 7, 16, 
    17, 22, 10, 4, 3, 21, 20), .Dim = c(12L, 2L)), xhor = c(11, 
    24), Mrot = NULL, exact_h = NULL, exact_v = NULL, mcdonalds = TRUE, 
        celtic = TRUE, reefknot = FALSE, center_crossing = FALSE, 
        indep = structure(c(FALSE, FALSE, FALSE, FALSE, TRUE, 
        TRUE, FALSE, FALSE, FALSE, FALSE, FALSE, FALSE, TRUE, 
        TRUE, TRUE, FALSE, FALSE, FALSE, FALSE, FALSE, FALSE, 
        FALSE, FALSE, FALSE, TRUE, FALSE, FALSE, FALSE, FALSE, 
        FALSE, TRUE, TRUE, FALSE, FALSE, FALSE, FALSE, FALSE, 
        FALSE, TRUE, TRUE, TRUE, FALSE, FALSE, FALSE, FALSE, 
        FALSE, FALSE, FALSE, FALSE, TRUE, TRUE, FALSE, FALSE, 
        FALSE, FALSE, FALSE, TRUE, TRUE, FALSE, FALSE, FALSE, 
        FALSE, FALSE, FALSE, TRUE, TRUE, TRUE, FALSE, FALSE, 
        FALSE, FALSE, FALSE, FALSE, FALSE, FALSE, TRUE, TRUE, 
        FALSE, FALSE, FALSE, FALSE, FALSE, TRUE, TRUE, FALSE, 
        FALSE, FALSE, FALSE, FALSE, FALSE, TRUE, TRUE, TRUE, 
        FALSE, FALSE, FALSE, FALSE, FALSE, FALSE, FALSE, FALSE, 
        FALSE, TRUE, FALSE), .Names = c("handle_A1", "handle_A2", 
        "handle_A3", "handle_A4", "handle_A5", "handle_A6", "handle_A7", 
        "handle_A8", "handle_A9", "handle_A10", "handle_A11", 
        "handle_A12", "handle_A13", "handle_A14", "handle_A15", 
        "handle_A16", "handle_A17", "handle_A18", "handle_A19", 
        "handle_A20", "handle_A21", "handle_A22", "handle_A23", 
        "handle_A24", "handle_A25", "handle_A26", "handle_A27", 
        "handle_A28", "handle_A29", "handle_A30", "handle_A31", 
        "handle_A32", "handle_A33", "handle_A34", "handle_A35", 
        "handle_A36", "handle_A37", "handle_A38", "handle_A39", 
        "handle_A40", "handle_A41", "handle_A42", "handle_A43", 
        "handle_A44", "handle_A45", "handle_A46", "handle_A47", 
        "handle_A48", "handle_A49", "handle_A50", "handle_A51", 
        "handle_A52", "node1", "node2", "node3", "node4", "node5", 
        "node6", "node7", "node8", "node9", "node10", "node11", 
        "node12", "node13", "node14", "node15", "node16", "node17", 
        "node18", "node19", "node20", "node21", "node22", "node23", 
        "node24", "node25", "node26", "node27", "node28", "node29", 
        "node30", "node31", "node32", "node33", "node34", "node35", 
        "node36", "node37", "node38", "node39", "node40", "node41", 
        "node42", "node43", "node44", "node45", "node46", "node47", 
        "node48", "node49", "node50", "node51", "node52"))), .Names = c("Mver", 
    "xver", "Mhor", "xhor", "Mrot", "exact_h", "exact_v", "mcdonalds", 
    "celtic", "reefknot", "center_crossing", "indep"))), .Names = c("minsymvec", 
"overunderobj", "symobj"), class = "knot")
