`k9_48` <- 
structure(list(minsymvec = structure(c(-32.992288384126, -48.8522180183652, 
-6.39646778820825, -188.895253788753, -355.076491906741, -244.983632801967, 
-45.8711511799593, -30.105454644272, -74.6610735133177, 1.15646346989836, 
-283.715029302807, -311.030221846485, -269.372459353906, -113.90095110055, 
-9.41581498683239, -754.300508979812, -700.734271839818, -248.663077841425, 
-129.354032274659, -247.475731253613, -411.355526629967, -290.864964683761, 
-459.962704353349, -855.144112777171, -691.555120090433, -601.898842507785, 
-393.311964750092, -123.264669820917, -35.9935558479398, -32.8036408639387, 
-67.0414354006009, -255.418363605317, -333.018732488577, -178.306969600105, 
-50.3832122289967, -43.5575796323103, -120.685692707415, -288.960470183515, 
-302.279388681316, -208.943078831663, -77.8496847869005, -744.610662893087, 
-653.687776853685, -205.11822017372, -153.306506284125, -313.66447310081, 
-426.244517305598, -439.048457239179, -343.99389545287, -523.28474946556, 
-837.368543325422, -675.0436811564, -523.793881282648, -273.615059449264, 
-104.434755241921, -85.0559905528402), .Names = c("handle_A6", 
"handle_A7", "handle_A10", "handle_A11", "handle_A12", "handle_A13", 
"handle_A14", "handle_A19", "handle_A20", "handle_A23", "handle_A24", 
"handle_A25", "handle_A26", "handle_A27", "handle_A28", "handle_A34", 
"handle_A35", "handle_A38", "handle_A39", "handle_A40", "handle_A41", 
"handle_A47", "handle_A48", "handle_A51", "handle_A52", "handle_A53", 
"handle_A54", "handle_A55", "node6", "node7", "node10", "node11", 
"node12", "node13", "node19", "node20", "node23", "node24", "node25", 
"node26", "node27", "node34", "node35", "node38", "node39", "node40", 
"node41", "node42", "node47", "node48", "node51", "node52", "node53", 
"node54", "node55", "node56"), class = "minsymvec"), overunderobj = structure(c(18, 
3, 6, 21, 9, 10, 27, 13, 14, 2, 16, 23, 8, 15, 19, 11, 26, 20
), .Dim = c(9L, 2L)), symobj = structure(list(Mver = structure(c(27, 
11, 12, 10, 26, 19, 13, 25, 24, 20, 7, 6, 23, 1, 17, 16, 18, 
2, 9, 15, 3, 4, 8, 21, 22, 5), .Dim = c(13L, 2L)), xver = c(14, 
28), Mhor = NULL, xhor = NULL, Mrot = NULL, exact_h = NULL, exact_v = NULL, 
    mcdonalds = FALSE, celtic = FALSE, reefknot = FALSE, center_crossing = FALSE, 
    indep = structure(c(FALSE, FALSE, FALSE, FALSE, FALSE, TRUE, 
    TRUE, FALSE, FALSE, TRUE, TRUE, TRUE, TRUE, TRUE, FALSE, 
    FALSE, FALSE, FALSE, TRUE, TRUE, FALSE, FALSE, TRUE, TRUE, 
    TRUE, TRUE, TRUE, TRUE, FALSE, FALSE, FALSE, FALSE, FALSE, 
    TRUE, TRUE, FALSE, FALSE, TRUE, TRUE, TRUE, TRUE, FALSE, 
    FALSE, FALSE, FALSE, FALSE, TRUE, TRUE, FALSE, FALSE, TRUE, 
    TRUE, TRUE, TRUE, TRUE, FALSE, FALSE, FALSE, FALSE, FALSE, 
    FALSE, TRUE, TRUE, FALSE, FALSE, TRUE, TRUE, TRUE, TRUE, 
    FALSE, FALSE, FALSE, FALSE, FALSE, TRUE, TRUE, FALSE, FALSE, 
    TRUE, TRUE, TRUE, TRUE, TRUE, FALSE, FALSE, FALSE, FALSE, 
    FALSE, FALSE, TRUE, TRUE, FALSE, FALSE, TRUE, TRUE, TRUE, 
    TRUE, TRUE, FALSE, FALSE, FALSE, FALSE, TRUE, TRUE, FALSE, 
    FALSE, TRUE, TRUE, TRUE, TRUE, TRUE, TRUE), .Names = c("handle_A1", 
    "handle_A2", "handle_A3", "handle_A4", "handle_A5", "handle_A6", 
    "handle_A7", "handle_A8", "handle_A9", "handle_A10", "handle_A11", 
    "handle_A12", "handle_A13", "handle_A14", "handle_A15", "handle_A16", 
    "handle_A17", "handle_A18", "handle_A19", "handle_A20", "handle_A21", 
    "handle_A22", "handle_A23", "handle_A24", "handle_A25", "handle_A26", 
    "handle_A27", "handle_A28", "handle_A29", "handle_A30", "handle_A31", 
    "handle_A32", "handle_A33", "handle_A34", "handle_A35", "handle_A36", 
    "handle_A37", "handle_A38", "handle_A39", "handle_A40", "handle_A41", 
    "handle_A42", "handle_A43", "handle_A44", "handle_A45", "handle_A46", 
    "handle_A47", "handle_A48", "handle_A49", "handle_A50", "handle_A51", 
    "handle_A52", "handle_A53", "handle_A54", "handle_A55", "handle_A56", 
    "node1", "node2", "node3", "node4", "node5", "node6", "node7", 
    "node8", "node9", "node10", "node11", "node12", "node13", 
    "node14", "node15", "node16", "node17", "node18", "node19", 
    "node20", "node21", "node22", "node23", "node24", "node25", 
    "node26", "node27", "node28", "node29", "node30", "node31", 
    "node32", "node33", "node34", "node35", "node36", "node37", 
    "node38", "node39", "node40", "node41", "node42", "node43", 
    "node44", "node45", "node46", "node47", "node48", "node49", 
    "node50", "node51", "node52", "node53", "node54", "node55", 
    "node56"))), .Names = c("Mver", "xver", "Mhor", "xhor", "Mrot", 
"exact_h", "exact_v", "mcdonalds", "celtic", "reefknot", "center_crossing", 
"indep"))), .Names = c("minsymvec", "overunderobj", "symobj"), class = "knot")
