`k9_48` <-	
structure(list(minsymvec = structure(c(-36.4909941739802, -55.6055234199043, 
-5.1689808398312, -184.839930702535, -364.980347081613, -232.557516869701, 
-59.82899254048, -27.8611116419025, -79.9484289677127, -0.825729004505098, 
-274.110703329293, -300.496865941106, -245.860956753801, -125.037086921194, 
-10.6231335319424, -750.480212833306, -693.886188505518, -265.055829945224, 
-128.344849374024, -250.874756625721, -414.022593713357, -296.180177182481, 
-469.493712160791, -859.385363324785, -694.001232173886, -571.499807164094, 
-382.926084660687, -134.562841080331, -39.2439167028552, -35.871939102232, 
-66.6583019571288, -257.341793092151, -335.602204152509, -172.631150723381, 
-51.4856895008883, -46.6475915569871, -118.644889591861, -282.420491172327, 
-287.891968100332, -193.727215949714, -86.4067828277026, -742.390489959366, 
-643.746979644391, -218.002622679202, -150.861261861894, -321.045966408503, 
-425.711442251398, -435.554864082593, -349.933398939378, -529.166520492821, 
-839.253201517514, -662.212263442999, -502.126304958825, -273.897261856436, 
-108.42269628837, -81.4844476872836), .Names = c("handle_A6", 
"handle_A7", "handle_A10", "handle_A11", "handle_A12", "handle_A13", 
"handle_A14", "handle_A19", "handle_A20", "handle_A23", "handle_A24", 
"handle_A25", "handle_A26", "handle_A27", "handle_A28", "handle_A34", 
"handle_A35", "handle_A38", "handle_A39", "handle_A40", "handle_A41", 
"handle_A47", "handle_A48", "handle_A51", "handle_A52", "handle_A53", 
"handle_A54", "handle_A55", "node6", "node7", "node10", "node11", 
"node12", "node13", "node19", "node20", "node23", "node24", "node25", 
"node26", "node27", "node34", "node35", "node38", "node39", "node40", 
"node41", "node42", "node47", "node48", "node51", "node52", "node53", 
"node54", "node55", "node56"), class = "minsymvec"), overunderobj = structure(c(18, 
3, 6, 21, 9, 10, 27, 13, 14, 2, 16, 23, 8, 15, 19, 11, 26, 20
), .Dim = c(9L, 2L)), symobj = structure(list(Mver = structure(c(27, 
11, 12, 10, 26, 19, 13, 25, 24, 20, 7, 6, 23, 1, 17, 16, 18, 
2, 9, 15, 3, 4, 8, 21, 22, 5), .Dim = c(13L, 2L)), xver = c(14, 
28), Mhor = NULL, xhor = NULL, Mrot = NULL, exact_h = NULL, exact_v = NULL, 
    mcdonalds = FALSE, celtic = FALSE, reefknot = FALSE, center_crossing = FALSE, 
    indep = structure(c(FALSE, FALSE, FALSE, FALSE, FALSE, TRUE, 
    TRUE, FALSE, FALSE, TRUE, TRUE, TRUE, TRUE, TRUE, FALSE, 
    FALSE, FALSE, FALSE, TRUE, TRUE, FALSE, FALSE, TRUE, TRUE, 
    TRUE, TRUE, TRUE, TRUE, FALSE, FALSE, FALSE, FALSE, FALSE, 
    TRUE, TRUE, FALSE, FALSE, TRUE, TRUE, TRUE, TRUE, FALSE, 
    FALSE, FALSE, FALSE, FALSE, TRUE, TRUE, FALSE, FALSE, TRUE, 
    TRUE, TRUE, TRUE, TRUE, FALSE, FALSE, FALSE, FALSE, FALSE, 
    FALSE, TRUE, TRUE, FALSE, FALSE, TRUE, TRUE, TRUE, TRUE, 
    FALSE, FALSE, FALSE, FALSE, FALSE, TRUE, TRUE, FALSE, FALSE, 
    TRUE, TRUE, TRUE, TRUE, TRUE, FALSE, FALSE, FALSE, FALSE, 
    FALSE, FALSE, TRUE, TRUE, FALSE, FALSE, TRUE, TRUE, TRUE, 
    TRUE, TRUE, FALSE, FALSE, FALSE, FALSE, TRUE, TRUE, FALSE, 
    FALSE, TRUE, TRUE, TRUE, TRUE, TRUE, TRUE), .Names = c("handle_A1", 
    "handle_A2", "handle_A3", "handle_A4", "handle_A5", "handle_A6", 
    "handle_A7", "handle_A8", "handle_A9", "handle_A10", "handle_A11", 
    "handle_A12", "handle_A13", "handle_A14", "handle_A15", "handle_A16", 
    "handle_A17", "handle_A18", "handle_A19", "handle_A20", "handle_A21", 
    "handle_A22", "handle_A23", "handle_A24", "handle_A25", "handle_A26", 
    "handle_A27", "handle_A28", "handle_A29", "handle_A30", "handle_A31", 
    "handle_A32", "handle_A33", "handle_A34", "handle_A35", "handle_A36", 
    "handle_A37", "handle_A38", "handle_A39", "handle_A40", "handle_A41", 
    "handle_A42", "handle_A43", "handle_A44", "handle_A45", "handle_A46", 
    "handle_A47", "handle_A48", "handle_A49", "handle_A50", "handle_A51", 
    "handle_A52", "handle_A53", "handle_A54", "handle_A55", "handle_A56", 
    "node1", "node2", "node3", "node4", "node5", "node6", "node7", 
    "node8", "node9", "node10", "node11", "node12", "node13", 
    "node14", "node15", "node16", "node17", "node18", "node19", 
    "node20", "node21", "node22", "node23", "node24", "node25", 
    "node26", "node27", "node28", "node29", "node30", "node31", 
    "node32", "node33", "node34", "node35", "node36", "node37", 
    "node38", "node39", "node40", "node41", "node42", "node43", 
    "node44", "node45", "node46", "node47", "node48", "node49", 
    "node50", "node51", "node52", "node53", "node54", "node55", 
    "node56"))), .Names = c("Mver", "xver", "Mhor", "xhor", "Mrot", 
"exact_h", "exact_v", "mcdonalds", "celtic", "reefknot", "center_crossing", 
"indep"))), .Names = c("minsymvec", "overunderobj", "symobj"), class = "knot")
