`k9_49` <- 
structure(list(minsymvec = structure(c(-37.9101557919563, -62.1761003485701, 
-75.1811594164481, 11.3393094656701, -210.653829899375, -365.690642050034, 
-261.030439799542, -39.4570687598598, -28.3862131269889, -42.8513918854516, 
-13.63385058758, -274.330593404798, -262.759102496504, -137.036858469097, 
-10.6721097154164, -631.654500433102, -585.726921907282, -477.26011510327, 
-146.078029537207, -63.0479230961886, -219.998056236214, -410.460323115444, 
-200.285932565415, -256.118631316384, -721.103207788383, -604.002467105483, 
-399.749307021629, -40.215517129294, -45.1105444603401, -67.3562936965128, 
-41.9973962320394, -66.488513189834, -271.913496264872, -343.35629508849, 
-180.281750522677, -32.1018347159388, -29.0018771274274, -115.531938585152, 
-282.951785745002, -211.408517325776, -94.8323752831758, -618.898878796252, 
-557.378017810763, -416.729730306691, -108.70332363821, -102.467624274648, 
-298.006019076331, -448.266530047264, -492.013541682195, -213.17545486955, 
-297.537750907963, -708.306672164936, -519.362271186002, -239.928654064601, 
-9.66444916073464, 21.5587766606973), .Names = c("handle_A5", 
"handle_A6", "handle_A7", "handle_A10", "handle_A11", "handle_A12", 
"handle_A13", "handle_A14", "handle_A19", "handle_A20", "handle_A24", 
"handle_A25", "handle_A26", "handle_A27", "handle_A28", "handle_A33", 
"handle_A34", "handle_A35", "handle_A38", "handle_A39", "handle_A40", 
"handle_A41", "handle_A47", "handle_A48", "handle_A52", "handle_A53", 
"handle_A54", "handle_A55", "node5", "node6", "node7", "node10", 
"node11", "node12", "node13", "node19", "node20", "node24", "node25", 
"node26", "node27", "node33", "node34", "node35", "node38", "node39", 
"node40", "node41", "node42", "node47", "node48", "node52", "node53", 
"node54", "node55", "node56"), class = "minsymvec"), overunderobj = structure(c(18, 
3, 5, 14, 21, 10, 27, 13, 22, 2, 16, 24, 7, 8, 19, 11, 26, 15
), .Dim = c(9L, 2L)), symobj = structure(list(Mver = structure(c(27, 
11, 12, 10, 26, 19, 20, 13, 7, 25, 24, 6, 5, 1, 17, 16, 18, 2, 
9, 8, 15, 21, 3, 4, 22, 23), .Dim = c(13L, 2L)), xver = c(14, 
28), Mhor = NULL, xhor = NULL, Mrot = NULL, exact_h = NULL, exact_v = NULL, 
    mcdonalds = FALSE, celtic = FALSE, reefknot = FALSE, center_crossing = FALSE, 
    indep = structure(c(FALSE, FALSE, FALSE, FALSE, TRUE, TRUE, 
    TRUE, FALSE, FALSE, TRUE, TRUE, TRUE, TRUE, TRUE, FALSE, 
    FALSE, FALSE, FALSE, TRUE, TRUE, FALSE, FALSE, FALSE, TRUE, 
    TRUE, TRUE, TRUE, TRUE, FALSE, FALSE, FALSE, FALSE, TRUE, 
    TRUE, TRUE, FALSE, FALSE, TRUE, TRUE, TRUE, TRUE, FALSE, 
    FALSE, FALSE, FALSE, FALSE, TRUE, TRUE, FALSE, FALSE, FALSE, 
    TRUE, TRUE, TRUE, TRUE, FALSE, FALSE, FALSE, FALSE, FALSE, 
    TRUE, TRUE, TRUE, FALSE, FALSE, TRUE, TRUE, TRUE, TRUE, FALSE, 
    FALSE, FALSE, FALSE, FALSE, TRUE, TRUE, FALSE, FALSE, FALSE, 
    TRUE, TRUE, TRUE, TRUE, FALSE, FALSE, FALSE, FALSE, FALSE, 
    TRUE, TRUE, TRUE, FALSE, FALSE, TRUE, TRUE, TRUE, TRUE, TRUE, 
    FALSE, FALSE, FALSE, FALSE, TRUE, TRUE, FALSE, FALSE, FALSE, 
    TRUE, TRUE, TRUE, TRUE, TRUE), .Names = c("handle_A1", "handle_A2", 
    "handle_A3", "handle_A4", "handle_A5", "handle_A6", "handle_A7", 
    "handle_A8", "handle_A9", "handle_A10", "handle_A11", "handle_A12", 
    "handle_A13", "handle_A14", "handle_A15", "handle_A16", "handle_A17", 
    "handle_A18", "handle_A19", "handle_A20", "handle_A21", "handle_A22", 
    "handle_A23", "handle_A24", "handle_A25", "handle_A26", "handle_A27", 
    "handle_A28", "handle_A29", "handle_A30", "handle_A31", "handle_A32", 
    "handle_A33", "handle_A34", "handle_A35", "handle_A36", "handle_A37", 
    "handle_A38", "handle_A39", "handle_A40", "handle_A41", "handle_A42", 
    "handle_A43", "handle_A44", "handle_A45", "handle_A46", "handle_A47", 
    "handle_A48", "handle_A49", "handle_A50", "handle_A51", "handle_A52", 
    "handle_A53", "handle_A54", "handle_A55", "handle_A56", "node1", 
    "node2", "node3", "node4", "node5", "node6", "node7", "node8", 
    "node9", "node10", "node11", "node12", "node13", "node14", 
    "node15", "node16", "node17", "node18", "node19", "node20", 
    "node21", "node22", "node23", "node24", "node25", "node26", 
    "node27", "node28", "node29", "node30", "node31", "node32", 
    "node33", "node34", "node35", "node36", "node37", "node38", 
    "node39", "node40", "node41", "node42", "node43", "node44", 
    "node45", "node46", "node47", "node48", "node49", "node50", 
    "node51", "node52", "node53", "node54", "node55", "node56"
    ))), .Names = c("Mver", "xver", "Mhor", "xhor", "Mrot", "exact_h", 
"exact_v", "mcdonalds", "celtic", "reefknot", "center_crossing", 
"indep"))), .Names = c("minsymvec", "overunderobj", "symobj"), class = "knot")
