`k9_49` <-	
structure(list(minsymvec = structure(c(-36.3159595871159, -60.5911528096851, 
-75.84901221827, 10.3962569672515, -201.177236051617, -376.263331717046, 
-248.877001551273, -44.5343195256858, -29.5721207398111, -49.5476270284059, 
-17.9917839719665, -282.829226414861, -240.773301474666, -147.556186719107, 
-10.8631097735618, -620.185234833978, -570.848592388043, -463.298220575914, 
-155.35902570741, -57.8808082770985, -232.912692459664, -413.122732787292, 
-202.332706172605, -264.765032697185, -722.884880337019, -595.463451383939, 
-407.323037483484, -57.4447656593933, -43.9975912485559, -65.9401592107473, 
-42.9266126924217, -64.5646728608904, -272.771054117039, -344.438244253133, 
-172.075179084214, -34.7099414983418, -31.6650195931666, -123.445716107567, 
-280.334172720194, -192.70623503638, -104.168067890454, -605.510227391596, 
-543.872710025179, -408.901620476133, -118.17500633078, -99.6517824272687, 
-313.504781528322, -442.642621533387, -478.699669229084, -216.667648462284, 
-307.725080485639, -709.045091490193, -506.681655055801, -251.108434604044, 
-14.2048321347574, 29.7295765675136), .Names = c("handle_A5", 
"handle_A6", "handle_A7", "handle_A10", "handle_A11", "handle_A12", 
"handle_A13", "handle_A14", "handle_A19", "handle_A20", "handle_A24", 
"handle_A25", "handle_A26", "handle_A27", "handle_A28", "handle_A33", 
"handle_A34", "handle_A35", "handle_A38", "handle_A39", "handle_A40", 
"handle_A41", "handle_A47", "handle_A48", "handle_A52", "handle_A53", 
"handle_A54", "handle_A55", "node5", "node6", "node7", "node10", 
"node11", "node12", "node13", "node19", "node20", "node24", "node25", 
"node26", "node27", "node33", "node34", "node35", "node38", "node39", 
"node40", "node41", "node42", "node47", "node48", "node52", "node53", 
"node54", "node55", "node56"), class = "minsymvec"), overunderobj = structure(c(18, 
3, 5, 14, 21, 10, 27, 13, 22, 2, 16, 24, 7, 8, 19, 11, 26, 15
), .Dim = c(9L, 2L)), symobj = structure(list(Mver = structure(c(27, 
11, 12, 10, 26, 19, 20, 13, 7, 25, 24, 6, 5, 1, 17, 16, 18, 2, 
9, 8, 15, 21, 3, 4, 22, 23), .Dim = c(13L, 2L)), xver = c(14, 
28), Mhor = NULL, xhor = NULL, Mrot = NULL, exact_h = NULL, exact_v = NULL, 
    mcdonalds = FALSE, celtic = FALSE, reefknot = FALSE, center_crossing = FALSE, 
    indep = structure(c(FALSE, FALSE, FALSE, FALSE, TRUE, TRUE, 
    TRUE, FALSE, FALSE, TRUE, TRUE, TRUE, TRUE, TRUE, FALSE, 
    FALSE, FALSE, FALSE, TRUE, TRUE, FALSE, FALSE, FALSE, TRUE, 
    TRUE, TRUE, TRUE, TRUE, FALSE, FALSE, FALSE, FALSE, TRUE, 
    TRUE, TRUE, FALSE, FALSE, TRUE, TRUE, TRUE, TRUE, FALSE, 
    FALSE, FALSE, FALSE, FALSE, TRUE, TRUE, FALSE, FALSE, FALSE, 
    TRUE, TRUE, TRUE, TRUE, FALSE, FALSE, FALSE, FALSE, FALSE, 
    TRUE, TRUE, TRUE, FALSE, FALSE, TRUE, TRUE, TRUE, TRUE, FALSE, 
    FALSE, FALSE, FALSE, FALSE, TRUE, TRUE, FALSE, FALSE, FALSE, 
    TRUE, TRUE, TRUE, TRUE, FALSE, FALSE, FALSE, FALSE, FALSE, 
    TRUE, TRUE, TRUE, FALSE, FALSE, TRUE, TRUE, TRUE, TRUE, TRUE, 
    FALSE, FALSE, FALSE, FALSE, TRUE, TRUE, FALSE, FALSE, FALSE, 
    TRUE, TRUE, TRUE, TRUE, TRUE), .Names = c("handle_A1", "handle_A2", 
    "handle_A3", "handle_A4", "handle_A5", "handle_A6", "handle_A7", 
    "handle_A8", "handle_A9", "handle_A10", "handle_A11", "handle_A12", 
    "handle_A13", "handle_A14", "handle_A15", "handle_A16", "handle_A17", 
    "handle_A18", "handle_A19", "handle_A20", "handle_A21", "handle_A22", 
    "handle_A23", "handle_A24", "handle_A25", "handle_A26", "handle_A27", 
    "handle_A28", "handle_A29", "handle_A30", "handle_A31", "handle_A32", 
    "handle_A33", "handle_A34", "handle_A35", "handle_A36", "handle_A37", 
    "handle_A38", "handle_A39", "handle_A40", "handle_A41", "handle_A42", 
    "handle_A43", "handle_A44", "handle_A45", "handle_A46", "handle_A47", 
    "handle_A48", "handle_A49", "handle_A50", "handle_A51", "handle_A52", 
    "handle_A53", "handle_A54", "handle_A55", "handle_A56", "node1", 
    "node2", "node3", "node4", "node5", "node6", "node7", "node8", 
    "node9", "node10", "node11", "node12", "node13", "node14", 
    "node15", "node16", "node17", "node18", "node19", "node20", 
    "node21", "node22", "node23", "node24", "node25", "node26", 
    "node27", "node28", "node29", "node30", "node31", "node32", 
    "node33", "node34", "node35", "node36", "node37", "node38", 
    "node39", "node40", "node41", "node42", "node43", "node44", 
    "node45", "node46", "node47", "node48", "node49", "node50", 
    "node51", "node52", "node53", "node54", "node55", "node56"
    ))), .Names = c("Mver", "xver", "Mhor", "xhor", "Mrot", "exact_h", 
"exact_v", "mcdonalds", "celtic", "reefknot", "center_crossing", 
"indep"))), .Names = c("minsymvec", "overunderobj", "symobj"), class = "knot")
