`k9_5` <-	
structure(list(minsymvec = structure(c(81.3787637571218, 176.070560168748, 
230.460917406732, 51.8487742532822, -105.657664916591, -79.0850478573773, 
-168.89598607628, -95.3452395030145, -6.65414745307063, 110.281864669951, 
287.221424831554, 436.386808302901, 207.380781929481, 132.552433738585, 
171.91577616081, 184.256750003012, 100.912331445714, -29.3146713390205, 
-131.362139659375, -99.7204533032232, -90.9502941473944, -142.540906152273, 
-176.117398209857, -89.8671311123418, -45.627913405201, -74.0400156888814, 
-337.272829241485, -277.68344671087, -198.595120636476, 92.495136225019, 
113.636337639582, -48.6406383063395, -317.438390825817, -432.058254970794, 
-282.642983589306, -112.629968483087, 33.2059548866567, 175.260931505827, 
288.028828583132, 227.632892705801, -5.03215454250468, -232.851757907219, 
-170.927113228129, -64.6820502523243, 77.3732262964648, 125.388898473469, 
183.373937990939, 122.012987619771, 32.8050940791978, -58.0969168435088, 
-118.197076373113, -226.938595502545, -287.160699641535, -385.362589393692, 
-503.112186428191, -246.04659949619, 88.8855765942503, 264.27646487562, 
250.187864288005, 106.194568847374, 219.015764014974, 174.709356844928, 
-116.383776160165, -93.0891779884419, -158.811253729999, -46.6405260286591, 
30.2781107783976, 173.9969655248, 320.245604852656, 370.093519375048, 
183.818324554173, 138.912914086511, 186.673149223612, 153.132579458007, 
49.3069823049747, -70.6738186889722, -124.59627896926, -93.1002607988273, 
-106.468068427139, -160.711022985589, -145.040369843406, -64.3805718485781, 
-47.540176062973, -192.073365966459, -328.568818047867, -272.040066042603, 
-76.8064977851502, 103.326998616706, 20.0445311832927, -134.778641921015, 
-381.829124390137, -470.123403303455, -361.376860419968, -196.907551666333, 
-33.4240224432736, 92.7648982773606, 216.971656765203, 278.948271200577, 
184.121302295432, -139.024075569729, -218.095182427369, -121.160271563506, 
-14.6875676224236, 103.775733284653, 143.992342904685, 171.177726498627, 
84.127110904606, 0.0239862881189315, -84.6568109608551, -151.584296976191, 
-258.941488264095, -319.837112714475, -393.637072668182, -465.712126651843, 
-125.410020565064, 101.396073772741, 299.239180059047, 189.244562391148
), .Names = c("handle_A1", "handle_A2", "handle_A3", "handle_A4", 
"handle_A5", "handle_A6", "handle_A7", "handle_A8", "handle_A9", 
"handle_A10", "handle_A11", "handle_A12", "handle_A13", "handle_A14", 
"handle_A15", "handle_A16", "handle_A17", "handle_A18", "handle_A19", 
"handle_A20", "handle_A21", "handle_A22", "handle_A23", "handle_A24", 
"handle_A25", "handle_A26", "handle_A27", "handle_A28", "handle_A29", 
"handle_A30", "handle_A31", "handle_A32", "handle_A33", "handle_A35", 
"handle_A36", "handle_A37", "handle_A38", "handle_A39", "handle_A40", 
"handle_A41", "handle_A42", "handle_A43", "handle_A44", "handle_A45", 
"handle_A46", "handle_A47", "handle_A48", "handle_A49", "handle_A50", 
"handle_A51", "handle_A52", "handle_A53", "handle_A54", "handle_A55", 
"handle_A56", "handle_A57", "handle_A58", "handle_A59", "handle_A60", 
"node1", "node2", "node3", "node5", "node6", "node7", "node8", 
"node9", "node10", "node11", "node12", "node13", "node14", "node15", 
"node16", "node17", "node18", "node19", "node20", "node21", "node22", 
"node23", "node24", "node25", "node26", "node27", "node28", "node29", 
"node30", "node31", "node32", "node33", "node34", "node35", "node36", 
"node37", "node38", "node39", "node40", "node41", "node42", "node43", 
"node44", "node45", "node46", "node47", "node48", "node49", "node50", 
"node51", "node52", "node53", "node54", "node55", "node56", "node57", 
"node58", "node59", "node60"), class = "minsymvec"), overunderobj = structure(c(30, 
17, 2, 13, 5, 24, 7, 20, 9, 10, 1, 15, 3, 26, 6, 22, 8, 18), .Dim = c(9L, 
2L)), symobj = structure(list(Mver = NULL, xver = 4, Mhor = NULL, 
    xhor = NULL, Mrot = NULL, exact_h = NULL, exact_v = NULL, 
    mcdonalds = FALSE, celtic = FALSE, reefknot = FALSE, center_crossing = FALSE, 
    indep = structure(c(TRUE, TRUE, TRUE, TRUE, TRUE, TRUE, TRUE, 
    TRUE, TRUE, TRUE, TRUE, TRUE, TRUE, TRUE, TRUE, TRUE, TRUE, 
    TRUE, TRUE, TRUE, TRUE, TRUE, TRUE, TRUE, TRUE, TRUE, TRUE, 
    TRUE, TRUE, TRUE, TRUE, TRUE, TRUE, FALSE, TRUE, TRUE, TRUE, 
    TRUE, TRUE, TRUE, TRUE, TRUE, TRUE, TRUE, TRUE, TRUE, TRUE, 
    TRUE, TRUE, TRUE, TRUE, TRUE, TRUE, TRUE, TRUE, TRUE, TRUE, 
    TRUE, TRUE, TRUE, TRUE, TRUE, TRUE, FALSE, TRUE, TRUE, TRUE, 
    TRUE, TRUE, TRUE, TRUE, TRUE, TRUE, TRUE, TRUE, TRUE, TRUE, 
    TRUE, TRUE, TRUE, TRUE, TRUE, TRUE, TRUE, TRUE, TRUE, TRUE, 
    TRUE, TRUE, TRUE, TRUE, TRUE, TRUE, TRUE, TRUE, TRUE, TRUE, 
    TRUE, TRUE, TRUE, TRUE, TRUE, TRUE, TRUE, TRUE, TRUE, TRUE, 
    TRUE, TRUE, TRUE, TRUE, TRUE, TRUE, TRUE, TRUE, TRUE, TRUE, 
    TRUE, TRUE, TRUE), .Names = c("handle_A1", "handle_A2", "handle_A3", 
    "handle_A4", "handle_A5", "handle_A6", "handle_A7", "handle_A8", 
    "handle_A9", "handle_A10", "handle_A11", "handle_A12", "handle_A13", 
    "handle_A14", "handle_A15", "handle_A16", "handle_A17", "handle_A18", 
    "handle_A19", "handle_A20", "handle_A21", "handle_A22", "handle_A23", 
    "handle_A24", "handle_A25", "handle_A26", "handle_A27", "handle_A28", 
    "handle_A29", "handle_A30", "handle_A31", "handle_A32", "handle_A33", 
    "handle_A34", "handle_A35", "handle_A36", "handle_A37", "handle_A38", 
    "handle_A39", "handle_A40", "handle_A41", "handle_A42", "handle_A43", 
    "handle_A44", "handle_A45", "handle_A46", "handle_A47", "handle_A48", 
    "handle_A49", "handle_A50", "handle_A51", "handle_A52", "handle_A53", 
    "handle_A54", "handle_A55", "handle_A56", "handle_A57", "handle_A58", 
    "handle_A59", "handle_A60", "node1", "node2", "node3", "node4", 
    "node5", "node6", "node7", "node8", "node9", "node10", "node11", 
    "node12", "node13", "node14", "node15", "node16", "node17", 
    "node18", "node19", "node20", "node21", "node22", "node23", 
    "node24", "node25", "node26", "node27", "node28", "node29", 
    "node30", "node31", "node32", "node33", "node34", "node35", 
    "node36", "node37", "node38", "node39", "node40", "node41", 
    "node42", "node43", "node44", "node45", "node46", "node47", 
    "node48", "node49", "node50", "node51", "node52", "node53", 
    "node54", "node55", "node56", "node57", "node58", "node59", 
    "node60"))), .Names = c("Mver", "xver", "Mhor", "xhor", "Mrot", 
"exact_h", "exact_v", "mcdonalds", "celtic", "reefknot", "center_crossing", 
"indep"))), .Names = c("minsymvec", "overunderobj", "symobj"), class = "knot")
