`k9_6` <-
structure(list(minsymvec = structure(c(-0.00623496635518, -222.021504238116, 
-303.227867584986, -165.375412583742, -9.38420308202567, -124.6426874636, 
-44.5165058632376, -29.5814242190885, -1.57994050077513, -191.938909413411, 
-178.044005938999, -218.181914867596, -194.865898097831, -94.5049471042873, 
-430.828275831425, -329.296598387918, -149.740819356577, -69.7802572100437, 
213.480815238766, 377.015047095453, 199.796572574769, -469.690234712933, 
-465.19087357327, -308.00411106521, -43.7483445862225, 220.612686400549, 
-93.4442364729069, -266.529854259575, -256.626513831599, -81.2405465571834, 
-51.6087400479812, -110.167580188753, -39.087216019217, -64.7372128405877, 
-206.384642651691, -176.350369912101, -218.755311196512, -170.976841073336, 
-371.177517539056, -275.702250490612, -106.187621434223, -29.6185622589785, 
266.041792168486, 441.222124404158, 535.1303607369, 132.786385784139, 
-485.587375432366, -396.380927968295, -189.631584919653, 60.669043275669, 
257.255680034663, 350.179003267634), .Names = c("handle_A6", 
"handle_A7", "handle_A8", "handle_A9", "handle_A11", "handle_A12", 
"handle_A13", "handle_A16", "handle_A21", "handle_A22", "handle_A23", 
"handle_A24", "handle_A25", "handle_A26", "handle_A32", "handle_A33", 
"handle_A34", "handle_A35", "handle_A37", "handle_A38", "handle_A42", 
"handle_A47", "handle_A48", "handle_A49", "handle_A50", "handle_A51", 
"node6", "node7", "node8", "node9", "node11", "node12", "node16", 
"node21", "node22", "node23", "node24", "node25", "node32", "node33", 
"node34", "node35", "node37", "node38", "node39", "node42", "node47", 
"node48", "node49", "node50", "node51", "node52"), class = "minsymvec"), 
    overunderobj = structure(c(1, 18, 4, 21, 7, 24, 10, 16, 12, 
    15, 3, 20, 6, 23, 9, 17, 11, 26), .Dim = c(9L, 2L)), symobj = structure(list(
        Mver = structure(c(12, 25, 11, 16, 24, 9, 8, 23, 7, 6, 
        22, 21, 14, 1, 15, 10, 2, 17, 18, 3, 19, 20, 4, 5), .Dim = c(12L, 
        2L)), xver = c(13, 26), Mhor = NULL, xhor = NULL, Mrot = NULL, 
        exact_h = NULL, exact_v = NULL, mcdonalds = FALSE, celtic = FALSE, 
        reefknot = FALSE, center_crossing = FALSE, indep = structure(c(FALSE, 
        FALSE, FALSE, FALSE, FALSE, TRUE, TRUE, TRUE, TRUE, FALSE, 
        TRUE, TRUE, TRUE, FALSE, FALSE, TRUE, FALSE, FALSE, FALSE, 
        FALSE, TRUE, TRUE, TRUE, TRUE, TRUE, TRUE, FALSE, FALSE, 
        FALSE, FALSE, FALSE, TRUE, TRUE, TRUE, TRUE, FALSE, TRUE, 
        TRUE, FALSE, FALSE, FALSE, TRUE, FALSE, FALSE, FALSE, 
        FALSE, TRUE, TRUE, TRUE, TRUE, TRUE, FALSE, FALSE, FALSE, 
        FALSE, FALSE, FALSE, TRUE, TRUE, TRUE, TRUE, FALSE, TRUE, 
        TRUE, FALSE, FALSE, FALSE, TRUE, FALSE, FALSE, FALSE, 
        FALSE, TRUE, TRUE, TRUE, TRUE, TRUE, FALSE, FALSE, FALSE, 
        FALSE, FALSE, FALSE, TRUE, TRUE, TRUE, TRUE, FALSE, TRUE, 
        TRUE, TRUE, FALSE, FALSE, TRUE, FALSE, FALSE, FALSE, 
        FALSE, TRUE, TRUE, TRUE, TRUE, TRUE, TRUE), .Names = c("handle_A1", 
        "handle_A2", "handle_A3", "handle_A4", "handle_A5", "handle_A6", 
        "handle_A7", "handle_A8", "handle_A9", "handle_A10", 
        "handle_A11", "handle_A12", "handle_A13", "handle_A14", 
        "handle_A15", "handle_A16", "handle_A17", "handle_A18", 
        "handle_A19", "handle_A20", "handle_A21", "handle_A22", 
        "handle_A23", "handle_A24", "handle_A25", "handle_A26", 
        "handle_A27", "handle_A28", "handle_A29", "handle_A30", 
        "handle_A31", "handle_A32", "handle_A33", "handle_A34", 
        "handle_A35", "handle_A36", "handle_A37", "handle_A38", 
        "handle_A39", "handle_A40", "handle_A41", "handle_A42", 
        "handle_A43", "handle_A44", "handle_A45", "handle_A46", 
        "handle_A47", "handle_A48", "handle_A49", "handle_A50", 
        "handle_A51", "handle_A52", "node1", "node2", "node3", 
        "node4", "node5", "node6", "node7", "node8", "node9", 
        "node10", "node11", "node12", "node13", "node14", "node15", 
        "node16", "node17", "node18", "node19", "node20", "node21", 
        "node22", "node23", "node24", "node25", "node26", "node27", 
        "node28", "node29", "node30", "node31", "node32", "node33", 
        "node34", "node35", "node36", "node37", "node38", "node39", 
        "node40", "node41", "node42", "node43", "node44", "node45", 
        "node46", "node47", "node48", "node49", "node50", "node51", 
        "node52"))), .Names = c("Mver", "xver", "Mhor", "xhor", 
    "Mrot", "exact_h", "exact_v", "mcdonalds", "celtic", "reefknot", 
    "center_crossing", "indep"))), .Names = c("minsymvec", "overunderobj", 
"symobj"), class = "knot")
