`k9_7` <-	
structure(list(minsymvec = structure(c(-31.4775469281543, -203.995454155744, 
-107.010253524935, -36.3338859583822, -9.67184851538796, -125.52148738987, 
-38.5080367376362, -27.585885208291, -10.2061731773115, -173.771434226328, 
-260.947398239381, -61.4641198408639, -914.881956678632, -828.346906923272, 
-693.164489678535, -451.114321512281, -98.3266009498394, 70.0932038515385, 
-116.980870551484, -447.197888140103, -860.38733572881, -665.68179297266, 
-256.000780421444, -102.22668546505, -180.619432295531, -59.1702451372029, 
-37.8058568017734, -49.2534818968213, -86.1149754618032, -35.8550469795458, 
-34.2961999761501, -65.3873413061571, -211.533257085475, -208.446365107469, 
-906.639914813411, -772.027238002286, -658.344770052316, -359.489642558953, 
-49.486418168684, 137.741028350786, -193.09912172105, -518.211724205201, 
-787.079743770404, -541.151062050669, -125.404067055946, 30.7404260759634
), .Names = c("handle_A4", "handle_A5", "handle_A6", "handle_A8", 
"handle_A10", "handle_A11", "handle_A14", "handle_A16", "handle_A20", 
"handle_A21", "handle_A22", "handle_A23", "handle_A27", "handle_A28", 
"handle_A29", "handle_A31", "handle_A33", "handle_A34", "handle_A37", 
"handle_A39", "handle_A43", "handle_A44", "handle_A45", "node4", 
"node5", "node6", "node8", "node10", "node11", "node14", "node16", 
"node20", "node21", "node22", "node27", "node28", "node29", "node31", 
"node33", "node34", "node37", "node39", "node43", "node44", "node45", 
"node46"), class = "minsymvec"), overunderobj = structure(c(1, 
18, 4, 21, 7, 16, 9, 14, 11, 13, 3, 20, 6, 17, 8, 15, 10, 23), .Dim = c(9L, 
2L)), symobj = structure(list(Mver = structure(c(11, 22, 10, 
14, 8, 16, 21, 6, 20, 5, 4, 12, 1, 13, 9, 15, 7, 2, 17, 3, 18, 
19), .Dim = c(11L, 2L)), xver = 23, Mhor = NULL, xhor = NULL, 
    Mrot = NULL, exact_h = NULL, exact_v = NULL, mcdonalds = FALSE, 
    celtic = FALSE, reefknot = FALSE, center_crossing = FALSE, 
    indep = structure(c(FALSE, FALSE, FALSE, TRUE, TRUE, TRUE, 
    FALSE, TRUE, FALSE, TRUE, TRUE, FALSE, FALSE, TRUE, FALSE, 
    TRUE, FALSE, FALSE, FALSE, TRUE, TRUE, TRUE, TRUE, FALSE, 
    FALSE, FALSE, TRUE, TRUE, TRUE, FALSE, TRUE, FALSE, TRUE, 
    TRUE, FALSE, FALSE, TRUE, FALSE, TRUE, FALSE, FALSE, FALSE, 
    TRUE, TRUE, TRUE, FALSE, FALSE, FALSE, FALSE, TRUE, TRUE, 
    TRUE, FALSE, TRUE, FALSE, TRUE, TRUE, FALSE, FALSE, TRUE, 
    FALSE, TRUE, FALSE, FALSE, FALSE, TRUE, TRUE, TRUE, FALSE, 
    FALSE, FALSE, FALSE, TRUE, TRUE, TRUE, FALSE, TRUE, FALSE, 
    TRUE, TRUE, FALSE, FALSE, TRUE, FALSE, TRUE, FALSE, FALSE, 
    FALSE, TRUE, TRUE, TRUE, TRUE), .Names = c("handle_A1", "handle_A2", 
    "handle_A3", "handle_A4", "handle_A5", "handle_A6", "handle_A7", 
    "handle_A8", "handle_A9", "handle_A10", "handle_A11", "handle_A12", 
    "handle_A13", "handle_A14", "handle_A15", "handle_A16", "handle_A17", 
    "handle_A18", "handle_A19", "handle_A20", "handle_A21", "handle_A22", 
    "handle_A23", "handle_A24", "handle_A25", "handle_A26", "handle_A27", 
    "handle_A28", "handle_A29", "handle_A30", "handle_A31", "handle_A32", 
    "handle_A33", "handle_A34", "handle_A35", "handle_A36", "handle_A37", 
    "handle_A38", "handle_A39", "handle_A40", "handle_A41", "handle_A42", 
    "handle_A43", "handle_A44", "handle_A45", "handle_A46", "node1", 
    "node2", "node3", "node4", "node5", "node6", "node7", "node8", 
    "node9", "node10", "node11", "node12", "node13", "node14", 
    "node15", "node16", "node17", "node18", "node19", "node20", 
    "node21", "node22", "node23", "node24", "node25", "node26", 
    "node27", "node28", "node29", "node30", "node31", "node32", 
    "node33", "node34", "node35", "node36", "node37", "node38", 
    "node39", "node40", "node41", "node42", "node43", "node44", 
    "node45", "node46"))), .Names = c("Mver", "xver", "Mhor", 
"xhor", "Mrot", "exact_h", "exact_v", "mcdonalds", "celtic", 
"reefknot", "center_crossing", "indep"))), .Names = c("minsymvec", 
"overunderobj", "symobj"), class = "knot")
