`k9_8` <-
structure(list(minsymvec = structure(c(386.501991260338, 347.15972033749, 
369.199116436798, 251.076763205689, 131.931407040275, -100.225944875332, 
-219.649951917169, -53.9743104801336, 81.9643852686935, 182.308386338651, 
117.644560314965, -44.4696426286906, -275.399264476787, -344.07457677767, 
-91.7928282374332, -27.4426133410217, -95.2932222944265, -14.7887994530706, 
128.46125319247, 373.730353014648, 473.844041272619, 342.482590783503, 
110.465642207231, 186.336988553497, -196.982614281678, -422.37700616583, 
-675.810788998086, -834.243303599089, -729.63330642234, -597.416297153646, 
-378.53990665784, -95.4384452611981, -137.314272215439, -357.354309215342, 
-388.650577990752, -382.960572750845, -137.980919147172, -154.508880985551, 
-417.336744568932, -605.770246480778, -778.820514885716, -734.487669188378, 
-672.868211983098, -511.361353133725, -416.489661973392, -300.431120452349, 
-94.4379660023778, 387.169015713254, 341.36099933712, 345.072597607533, 
185.229913642218, 37.5890617991175, -164.943372151373, -179.5480942179, 
91.4005851304763, 188.556592556349, 63.8057487441686, -121.80979397351, 
-325.380669867276, -256.254688562082, -59.8388247907759, -47.0478535009689, 
-82.6712564799046, 52.5443626669657, 233.406228399136, 422.851771367559, 
432.443146547734, 257.197102685155, 112.987539576931, 259.554898757209, 
-296.788207987559, -536.685986449366, -739.220230543954, -803.523067612255, 
-650.083247749682, -522.527220496815, -252.062348404063, -84.0415546253891, 
-99.3533868174, -225.234383370029, -373.745037171059, -383.664768151151, 
-310.99057296814, -113.540972265989, -240.050865880795, -499.631816687379, 
-669.505934035448, -775.198182388322, -693.859690866399, -627.55922364178, 
-463.054642924554, -382.690387294703, -224.035987119791, -109.70833812196
), .Names = c("handle_A1", "handle_A2", "handle_A3", "handle_A4", 
"handle_A5", "handle_A6", "handle_A7", "handle_A8", "handle_A9", 
"handle_A10", "handle_A11", "handle_A12", "handle_A13", "handle_A14", 
"handle_A15", "handle_A16", "handle_A17", "handle_A18", "handle_A19", 
"handle_A20", "handle_A21", "handle_A22", "handle_A23", "handle_A24", 
"handle_A25", "handle_A26", "handle_A27", "handle_A28", "handle_A29", 
"handle_A30", "handle_A31", "handle_A33", "handle_A34", "handle_A35", 
"handle_A36", "handle_A37", "handle_A38", "handle_A39", "handle_A40", 
"handle_A41", "handle_A42", "handle_A43", "handle_A44", "handle_A45", 
"handle_A46", "handle_A47", "handle_A48", "node1", "node2", "node3", 
"node4", "node5", "node6", "node7", "node9", "node10", "node11", 
"node12", "node13", "node14", "node15", "node16", "node17", "node18", 
"node19", "node20", "node21", "node22", "node23", "node24", "node25", 
"node26", "node27", "node28", "node29", "node30", "node31", "node32", 
"node33", "node34", "node35", "node36", "node37", "node38", "node39", 
"node40", "node41", "node42", "node43", "node44", "node45", "node46", 
"node47", "node48"), class = "minsymvec"), overunderobj = structure(c(24, 
22, 3, 19, 6, 13, 8, 11, 16, 10, 2, 20, 5, 17, 7, 15, 23, 12), .Dim = c(9L, 
2L)), symobj = structure(list(Mver = NULL, xver = 8, Mhor = NULL, 
    xhor = NULL, Mrot = NULL, exact_h = NULL, exact_v = NULL, 
    mcdonalds = FALSE, celtic = FALSE, reefknot = FALSE, center_crossing = FALSE, 
    indep = structure(c(TRUE, TRUE, TRUE, TRUE, TRUE, TRUE, TRUE, 
    TRUE, TRUE, TRUE, TRUE, TRUE, TRUE, TRUE, TRUE, TRUE, TRUE, 
    TRUE, TRUE, TRUE, TRUE, TRUE, TRUE, TRUE, TRUE, TRUE, TRUE, 
    TRUE, TRUE, TRUE, TRUE, FALSE, TRUE, TRUE, TRUE, TRUE, TRUE, 
    TRUE, TRUE, TRUE, TRUE, TRUE, TRUE, TRUE, TRUE, TRUE, TRUE, 
    TRUE, TRUE, TRUE, TRUE, TRUE, TRUE, TRUE, TRUE, FALSE, TRUE, 
    TRUE, TRUE, TRUE, TRUE, TRUE, TRUE, TRUE, TRUE, TRUE, TRUE, 
    TRUE, TRUE, TRUE, TRUE, TRUE, TRUE, TRUE, TRUE, TRUE, TRUE, 
    TRUE, TRUE, TRUE, TRUE, TRUE, TRUE, TRUE, TRUE, TRUE, TRUE, 
    TRUE, TRUE, TRUE, TRUE, TRUE, TRUE, TRUE, TRUE, TRUE), .Names = c("handle_A1", 
    "handle_A2", "handle_A3", "handle_A4", "handle_A5", "handle_A6", 
    "handle_A7", "handle_A8", "handle_A9", "handle_A10", "handle_A11", 
    "handle_A12", "handle_A13", "handle_A14", "handle_A15", "handle_A16", 
    "handle_A17", "handle_A18", "handle_A19", "handle_A20", "handle_A21", 
    "handle_A22", "handle_A23", "handle_A24", "handle_A25", "handle_A26", 
    "handle_A27", "handle_A28", "handle_A29", "handle_A30", "handle_A31", 
    "handle_A32", "handle_A33", "handle_A34", "handle_A35", "handle_A36", 
    "handle_A37", "handle_A38", "handle_A39", "handle_A40", "handle_A41", 
    "handle_A42", "handle_A43", "handle_A44", "handle_A45", "handle_A46", 
    "handle_A47", "handle_A48", "node1", "node2", "node3", "node4", 
    "node5", "node6", "node7", "node8", "node9", "node10", "node11", 
    "node12", "node13", "node14", "node15", "node16", "node17", 
    "node18", "node19", "node20", "node21", "node22", "node23", 
    "node24", "node25", "node26", "node27", "node28", "node29", 
    "node30", "node31", "node32", "node33", "node34", "node35", 
    "node36", "node37", "node38", "node39", "node40", "node41", 
    "node42", "node43", "node44", "node45", "node46", "node47", 
    "node48"))), .Names = c("Mver", "xver", "Mhor", "xhor", "Mrot", 
"exact_h", "exact_v", "mcdonalds", "celtic", "reefknot", "center_crossing", 
"indep"))), .Names = c("minsymvec", "overunderobj", "symobj"), class = "knot")
