`k9_9` <-
structure(list(minsymvec = structure(c(-37.1900299190356, 108.345176216084, 
-158.953862427778, -265.761312415465, -138.776339331956, -7.46103976099539, 
-168.3307053572, -209.47898041696, -43.9328629255702, -105.148609774658, 
-195.440442666659, -129.526122630262, -274.371930261517, -794.091907617572, 
-626.669141587475, -527.984411555354, -240.924412206476, -144.546036867456, 
54.085848562423, -932.292085014977, -764.14763398473, -493.005780832886, 
-144.150597871662, -39.2532061393622, -211.635221412893, -222.86332198058, 
-70.2383259069614, -64.4501325814161, -198.556717678283, -125.42959540402, 
-89.5533873306185, -122.666778631183, -193.965747033182, -71.2909023516612, 
-340.51991726656, -779.082989089146, -747.867838746081, -576.393173226038, 
-488.340178383186, -200.36900439511, -87.859309277686, 71.8919881786992, 
-871.476510608699, -643.846533569292, -347.985386854664, -61.2390055443648
), .Names = c("handle_A3", "handle_A7", "handle_A8", "handle_A9", 
"handle_A10", "handle_A12", "handle_A13", "handle_A14", "handle_A19", 
"handle_A20", "handle_A21", "handle_A22", "handle_A26", "handle_A31", 
"handle_A32", "handle_A33", "handle_A35", "handle_A36", "handle_A37", 
"handle_A42", "handle_A43", "handle_A44", "handle_A45", "node3", 
"node8", "node9", "node10", "node12", "node13", "node14", "node19", 
"node20", "node21", "node22", "node26", "node30", "node31", "node32", 
"node33", "node35", "node36", "node37", "node42", "node43", "node44", 
"node45"), class = "minsymvec"), overunderobj = structure(c(16, 
3, 11, 5, 18, 8, 21, 13, 23, 2, 12, 4, 17, 7, 20, 10, 22, 15), .Dim = c(9L, 
2L)), symobj = structure(list(Mver = structure(c(14, 13, 22, 
12, 3, 21, 10, 9, 20, 8, 19, 23, 1, 15, 2, 11, 16, 4, 5, 17, 
6, 18), .Dim = c(11L, 2L)), xver = 7, Mhor = NULL, xhor = NULL, 
    Mrot = NULL, mcdonalds = FALSE, celtic = FALSE, indep = structure(c(FALSE, 
    FALSE, TRUE, FALSE, FALSE, FALSE, TRUE, TRUE, TRUE, TRUE, 
    FALSE, TRUE, TRUE, TRUE, FALSE, FALSE, FALSE, FALSE, TRUE, 
    TRUE, TRUE, TRUE, FALSE, FALSE, FALSE, TRUE, FALSE, FALSE, 
    FALSE, FALSE, TRUE, TRUE, TRUE, FALSE, TRUE, TRUE, TRUE, 
    FALSE, FALSE, FALSE, FALSE, TRUE, TRUE, TRUE, TRUE, FALSE, 
    FALSE, FALSE, TRUE, FALSE, FALSE, FALSE, FALSE, TRUE, TRUE, 
    TRUE, FALSE, TRUE, TRUE, TRUE, FALSE, FALSE, FALSE, FALSE, 
    TRUE, TRUE, TRUE, TRUE, FALSE, FALSE, FALSE, TRUE, FALSE, 
    FALSE, FALSE, TRUE, TRUE, TRUE, TRUE, FALSE, TRUE, TRUE, 
    TRUE, FALSE, FALSE, FALSE, FALSE, TRUE, TRUE, TRUE, TRUE, 
    FALSE), .Names = c("handle_A1", "handle_A2", "handle_A3", 
    "handle_A4", "handle_A5", "handle_A6", "handle_A7", "handle_A8", 
    "handle_A9", "handle_A10", "handle_A11", "handle_A12", "handle_A13", 
    "handle_A14", "handle_A15", "handle_A16", "handle_A17", "handle_A18", 
    "handle_A19", "handle_A20", "handle_A21", "handle_A22", "handle_A23", 
    "handle_A24", "handle_A25", "handle_A26", "handle_A27", "handle_A28", 
    "handle_A29", "handle_A30", "handle_A31", "handle_A32", "handle_A33", 
    "handle_A34", "handle_A35", "handle_A36", "handle_A37", "handle_A38", 
    "handle_A39", "handle_A40", "handle_A41", "handle_A42", "handle_A43", 
    "handle_A44", "handle_A45", "handle_A46", "node1", "node2", 
    "node3", "node4", "node5", "node6", "node7", "node8", "node9", 
    "node10", "node11", "node12", "node13", "node14", "node15", 
    "node16", "node17", "node18", "node19", "node20", "node21", 
    "node22", "node23", "node24", "node25", "node26", "node27", 
    "node28", "node29", "node30", "node31", "node32", "node33", 
    "node34", "node35", "node36", "node37", "node38", "node39", 
    "node40", "node41", "node42", "node43", "node44", "node45", 
    "node46"))), .Names = c("Mver", "xver", "Mhor", "xhor", "Mrot", 
"mcdonalds", "celtic", "indep"))), .Names = c("minsymvec", "overunderobj", 
"symobj"), class = "knot")
