`amphichiral15` <-	
structure(list(minsymvec = structure(c(33.9280223247005, -55.506835973018, 
-178.072294624828, -170.712330725709, -111.949844350472, 53.1134291508718, 
30.8759633298007, 25.5881852348133, 41.00585253251, 176.642613143663, 
131.456959938227, 206.042026844581, 289.354107872612, 225.832678029666, 
129.366875593458, 61.0463390277364, -175.211904840501, -196.691484071487, 
-128.527423111535, -204.629984248968, -312.470911244903, -317.267892543865, 
-280.33711413123, -144.850557669953, -120.65666245066, -97.2801379814488, 
-67.8419267717054, -25.2919060108088, 70.0409831713731, 82.6204560402181, 
29.7020984475056, -122.736648635266, -236.474970406127, -252.285623203337, 
-91.8713057967617, -55.6637510149233, -25.621101799078, -53.104572390203, 
-334.591824334927, -336.217048647006, -177.220301223151, -138.616393298088, 
-344.297042577476, -454.472513266822, -525.011657819152, -606.708682479298, 
-496.2668083326, -316.770683613914, -180.0424761211, -383.197286270452, 
-538.700091800731, -646.607497846888, -684.319207542375, -648.860085928384, 
-534.292966380696, -323.278317093214, -190.94921343489, -356.573403602643, 
-491.211139212795, -647.322606266164, -643.768436864954, -558.491313354452, 
-447.148690110694, -426.342147448803, -414.184885095968, -429.658454654163, 
-524.750419967769, -589.043905418312, -570.165110334674, -562.131506691054, 
-444.294897223406, -475.190145820441, -486.057087553542, -410.321073120328, 
-296.426874975659, -91.7377541184876, -194.018481791336, -154.742374657791, 
-72.8478181182621, 48.5612847775204, 26.8550470771055, 26.4813606296929, 
103.32807280767, 164.122382137901, 140.37324972876, 263.063337876116, 
265.762907723697, 196.457344500468, 104.792875877559, -32.2920278778223, 
-193.054346476542, -187.066739389891, -137.572932203371, -258.798539442374, 
-314.88502902851, -310.325237263856, -229.466686884155, -132.905004893308, 
-117.398907275698, -87.3092829777075, -58.9101134762232, 7.11571747617183, 
83.6256841127821, 73.1032202556181, -35.2772173138772, -161.567718986793, 
-258.589372460297, -217.003246817776, -84.2751207736649, -38.1779754710742, 
-32.3849328376776, -34.4507773831633, -331.535292614336, -334.621221286976, 
-277.059686552075, -164.888397066363, -144.254272418988, -381.558740841337, 
-481.583826114993, -529.761022030565, -592.391127697847, -423.39654850009, 
-273.090573183518, -231.487195361593, -445.450742153551, -578.707299239633, 
-659.95155277724, -695.355534671901, -610.920022947571, -502.835724978694, 
-277.859641269653, -230.906459005425, -410.593432017668, -538.086921171669, 
-667.265205626898, -610.897338243995, -511.39809189487, -438.888930944373, 
-423.386846236749, -418.286811440858, -463.549477659514, -537.871045664458, 
-583.041274803179, -565.232160532105, -523.155624027588, -442.33450052393, 
-478.112695034866, -464.88227851576, -380.307700223828, -238.995809641729
), .Names = c("handle_A2", "handle_A3", "handle_A4", "handle_A5", 
"handle_A6", "handle_A8", "handle_A9", "handle_A10", "handle_A11", 
"handle_A12", "handle_A13", "handle_A14", "handle_A15", "handle_A16", 
"handle_A17", "handle_A18", "handle_A19", "handle_A20", "handle_A21", 
"handle_A22", "handle_A23", "handle_A24", "handle_A25", "handle_A26", 
"handle_A27", "handle_A28", "handle_A29", "handle_A30", "handle_A31", 
"handle_A32", "handle_A33", "handle_A34", "handle_A35", "handle_A36", 
"handle_A37", "handle_A38", "handle_A39", "handle_A40", "handle_A46", 
"handle_A47", "handle_A48", "handle_A49", "handle_A51", "handle_A52", 
"handle_A53", "handle_A54", "handle_A55", "handle_A56", "handle_A57", 
"handle_A58", "handle_A59", "handle_A60", "handle_A61", "handle_A62", 
"handle_A63", "handle_A64", "handle_A65", "handle_A66", "handle_A67", 
"handle_A68", "handle_A69", "handle_A70", "handle_A71", "handle_A72", 
"handle_A73", "handle_A74", "handle_A75", "handle_A76", "handle_A77", 
"handle_A78", "handle_A79", "handle_A80", "handle_A81", "handle_A82", 
"handle_A83", "node3", "node4", "node5", "node6", "node8", "node9", 
"node10", "node11", "node12", "node13", "node14", "node15", "node16", 
"node17", "node18", "node19", "node20", "node21", "node22", "node23", 
"node24", "node25", "node26", "node27", "node28", "node29", "node30", 
"node31", "node32", "node33", "node34", "node35", "node36", "node37", 
"node38", "node39", "node40", "node45", "node46", "node47", "node48", 
"node49", "node51", "node52", "node53", "node54", "node55", "node56", 
"node57", "node58", "node59", "node60", "node61", "node62", "node63", 
"node64", "node65", "node66", "node67", "node68", "node69", "node70", 
"node71", "node72", "node73", "node74", "node75", "node76", "node77", 
"node78", "node79", "node80", "node81", "node82", "node83"), class = "minsymvec"), 
    overunderobj = structure(c(1, 8, 3, 4, 22, 37, 19, 37, 20, 
    41, 33, 14, 27, 30, 9, 13, 2, 40, 21, 5, 21, 26, 28, 35, 
    7, 11, 43, 34, 39, 31), .Dim = c(15L, 2L)), symobj = structure(list(
        Mver = structure(c(6, 5, 40, 4, 3, 41, 42, 7, 43, 1), .Dim = c(5L, 
        2L)), xver = 2, Mhor = NULL, xhor = NULL, Mrot = NULL, 
        exact_h = NULL, exact_v = NULL, mcdonalds = FALSE, celtic = FALSE, 
        reefknot = FALSE, center_crossing = FALSE, indep = structure(c(FALSE, 
        TRUE, TRUE, TRUE, TRUE, TRUE, FALSE, TRUE, TRUE, TRUE, 
        TRUE, TRUE, TRUE, TRUE, TRUE, TRUE, TRUE, TRUE, TRUE, 
        TRUE, TRUE, TRUE, TRUE, TRUE, TRUE, TRUE, TRUE, TRUE, 
        TRUE, TRUE, TRUE, TRUE, TRUE, TRUE, TRUE, TRUE, TRUE, 
        TRUE, TRUE, TRUE, FALSE, FALSE, FALSE, FALSE, FALSE, 
        TRUE, TRUE, TRUE, TRUE, FALSE, TRUE, TRUE, TRUE, TRUE, 
        TRUE, TRUE, TRUE, TRUE, TRUE, TRUE, TRUE, TRUE, TRUE, 
        TRUE, TRUE, TRUE, TRUE, TRUE, TRUE, TRUE, TRUE, TRUE, 
        TRUE, TRUE, TRUE, TRUE, TRUE, TRUE, TRUE, TRUE, TRUE, 
        TRUE, TRUE, FALSE, FALSE, FALSE, FALSE, FALSE, TRUE, 
        TRUE, TRUE, TRUE, FALSE, TRUE, TRUE, TRUE, TRUE, TRUE, 
        TRUE, TRUE, TRUE, TRUE, TRUE, TRUE, TRUE, TRUE, TRUE, 
        TRUE, TRUE, TRUE, TRUE, TRUE, TRUE, TRUE, TRUE, TRUE, 
        TRUE, TRUE, TRUE, TRUE, TRUE, TRUE, TRUE, TRUE, TRUE, 
        TRUE, FALSE, FALSE, FALSE, FALSE, TRUE, TRUE, TRUE, TRUE, 
        TRUE, FALSE, TRUE, TRUE, TRUE, TRUE, TRUE, TRUE, TRUE, 
        TRUE, TRUE, TRUE, TRUE, TRUE, TRUE, TRUE, TRUE, TRUE, 
        TRUE, TRUE, TRUE, TRUE, TRUE, TRUE, TRUE, TRUE, TRUE, 
        TRUE, TRUE, TRUE, TRUE, TRUE, TRUE, TRUE, TRUE, FALSE, 
        FALSE, FALSE),