`flower` <-
structure(list(minsymvec = structure(c(-98.3391945823166, -79.1986484498793, 
-49.7370327781047, -98.7185860176904, 170.075063198065, 26.3210853465903, 
378.903983490286, 145.156182500301, -125.574052001691, -40.1682680743069, 
-116.268540947693, -51.3413964662998, 207.95314286324, 54.6800546747961, 
331.827788413591, 118.821974039667), .Names = c("handle_A20", 
"handle_A25", "handle_A29", "handle_A31", "handle_A55", "handle_A60", 
"handle_A64", "handle_A66", "node20", "node25", "node29", "node31", 
"node55", "node60", "node64", "node66"), class = "minsymvec"), 
    overunderobj = structure(c(5, 7, 17, 12, 14, 24, 19, 3, 28, 
    21, 31, 26, 33, 10, 35, 11, 16, 6, 18, 23, 13, 25, 27, 2, 
    30, 20, 32, 4, 34, 9), .Dim = c(15L, 2L)), symobj = structure(list(
        Mver = structure(c(29, 20, 30, 31, 19, 25, 28, 2, 27, 
        26, 3, 32), .Dim = c(6L, 2L)), xver = 11, Mhor = NULL, 
        xhor = NULL, Mrot = structure(c(29, 28, 20, 2, 31, 26, 
        25, 1, 35, 27, 9, 3, 33, 32, 8, 7, 34, 16, 10, 5, 4, 
        15, 14, 6, 23, 17, 12, 11, 22, 21, 13, 30, 24, 19, 18
        ), .Dim = c(7L, 5L)), exact_h = NULL, exact_v = NULL, 
        mcdonalds = FALSE, celtic = FALSE, reefknot = FALSE, 
        indep = structure(c(FALSE, FALSE, FALSE, FALSE, FALSE, 
        FALSE, FALSE, FALSE, FALSE, FALSE, FALSE, FALSE, FALSE, 
        FALSE, FALSE, FALSE, FALSE, FALSE, FALSE, TRUE, FALSE, 
        FALSE, FALSE, FALSE, TRUE, FALSE, FALSE, FALSE, TRUE, 
        FALSE, TRUE, FALSE, FALSE, FALSE, FALSE, FALSE, FALSE, 
        FALSE, FALSE, FALSE, FALSE, FALSE, FALSE, FALSE, FALSE, 
        FALSE, FALSE, FALSE, FALSE, FALSE, FALSE, FALSE, FALSE, 
        FALSE, TRUE, FALSE, FALSE, FALSE, FALSE, TRUE, FALSE, 
        FALSE, FALSE, TRUE, FALSE, TRUE, FALSE, FALSE, FALSE, 
        FALSE, FALSE, FALSE, FALSE, FALSE, FALSE, FALSE, FALSE, 
        FALSE, FALSE, FALSE, FALSE, FALSE, FALSE, FALSE, FALSE, 
        FALSE, FALSE, FALSE, FALSE, TRUE, FALSE, FALSE, FALSE, 
        FALSE, TRUE, FALSE, FALSE, FALSE, TRUE, FALSE, TRUE, 
        FALSE, FALSE, FALSE, FALSE, FALSE, FALSE, FALSE, FALSE, 
        FALSE, FALSE, FALSE, FALSE, FALSE, FALSE, FALSE, FALSE, 
        FALSE, FALSE, FALSE, FALSE, FALSE, FALSE, FALSE, TRUE, 
        FALSE, FALSE, FALSE, FALSE, TRUE, FALSE, FALSE, FALSE, 
        TRUE, FALSE, TRUE, FALSE, FALSE, FALSE, FALSE), .Names = c("handle_A1", 
        "handle_A2", "handle_A3", "handle_A4", "handle_A5", "handle_A6", 
        "handle_A7", "handle_A8", "handle_A9", "handle_A10", 
        "handle_A11", "handle_A12", "handle_A13", "handle_A14", 
        "handle_A15", "handle_A16", "handle_A17", "handle_A18", 
        "handle_A19", "handle_A20", "handle_A21", "handle_A22", 
        "handle_A23", "handle_A24", "handle_A25", "handle_A26", 
        "handle_A27", "handle_A28", "handle_A29", "handle_A30", 
        "handle_A31", "handle_A32", "handle_A33", "handle_A34", 
        "handle_A35", "handle_A36", "handle_A37", "handle_A38", 
        "handle_A39", "handle_A40", "handle_A41", "handle_A42", 
        "handle_A43", "handle_A44", "handle_A45", "handle_A46", 
        "handle_A47", "handle_A48", "handle_A49", "handle_A50", 
        "handle_A51", "handle_A52", "handle_A53", "handle_A54", 
        "handle_A55", "handle_A56", "handle_A57", "handle_A58", 
        "handle_A59", "handle_A60", "handle_A61", "handle_A62", 
        "handle_A63", "handle_A64", "handle_A65", "handle_A66", 
        "handle_A67", "handle_A68", "handle_A69", "handle_A70", 
        "node1", "node2", "node3", "node4", "node5", "node6", 
        "node7", "node8", "node9", "node10", "node11", "node12", 
        "node13", "node14", "node15", "node16", "node17", "node18", 
        "node19", "node20", "node21", "node22", "node23", "node24", 
        "node25", "node26", "node27", "node28", "node29", "node30", 
        "node31", "node32", "node33", "node34", "node35", "node36", 
        "node37", "node38", "node39", "node40", "node41", "node42", 
        "node43", "node44", "node45", "node46", "node47", "node48", 
        "node49", "node50", "node51", "node52", "node53", "node54", 
        "node55", "node56", "node57", "node58", "node59", "node60", 
        "node61", "node62", "node63", "node64", "node65", "node66", 
        "node67", "node68", "node69", "node70"))), .Names = c("Mver", 
    "xver", "Mhor", "xhor", "Mrot", "exact_h", "exact_v", "mcdonalds", 
    "celtic", "reefknot", "indep"))), .Names = c("minsymvec", 
"overunderobj", "symobj"), class = "knot")
