`hexknot2` <-
structure(list(minsymvec = structure(c(-121.977046945713, -57.0879956693709, 
-42.778434706796, -86.6127343785302, -139.935049939306, -185.017990693161, 
-178.946583299162, -146.716455227772, -61.9511466398118, 55.7551123555164, 
195.207151341449, 154.937451741981, 54.5957751181247, -17.1499895186387, 
-29.586852231029, 36.6977645202438, 72.3892785056188, 231.071862296096, 
299.234032044514, 300.525343480625, -105.929385167996, -45.5585838738, 
-55.7727617897781, -102.578575128458, -158.646309463307, -178.21577028343, 
-170.083361533325, -121.198259453569, -23.982587512735, 81.4697187480338, 
186.046011578046, 116.186865592847, 26.0096500342772, -22.8803865786698, 
-13.0447623400106, 76.675057452016, 124.457381797744, 257.841707590843, 
305.155955335319, 274.267359859301), .Names = c("handle_A1", 
"handle_A2", "handle_A3", "handle_A4", "handle_A5", "handle_A6", 
"handle_A7", "handle_A8", "handle_A9", "handle_A10", "handle_A61", 
"handle_A62", "handle_A63", "handle_A64", "handle_A65", "handle_A66", 
"handle_A67", "handle_A68", "handle_A69", "handle_A70", "node1", 
"node2", "node3", "node4", "node5", "node6", "node7", "node8", 
"node9", "node10", "node61", "node62", "node63", "node64", "node65", 
"node66", "node67", "node68", "node69", "node70"), class = "minsymvec"), 
    overunderobj = structure(c(8, 14, 2, 18, 24, 12, 28, 34, 
    22, 38, 44, 32, 48, 52, 4, 54, 42, 58, 1, 3, 16, 11, 13, 
    26, 21, 23, 36, 31, 33, 46, 41, 6, 53, 43, 56, 51), .Dim = c(18L, 
    2L)), symobj = structure(list(Mver = NULL, xver = NULL, Mhor = NULL, 
        xhor = NULL, Mrot = structure(1:60, .Dim = c(10L, 6L)), 
        exact_h = NULL, exact_v = NULL, mcdonalds = FALSE, celtic = FALSE, 
        reefknot = FALSE, center_crossing = FALSE, indep = structure(c(TRUE, 
        TRUE, TRUE, TRUE, TRUE, TRUE, TRUE, TRUE, TRUE, TRUE, 
        FALSE, FALSE, FALSE, FALSE, FALSE, FALSE, FALSE, FALSE, 
        FALSE, FALSE, FALSE, FALSE, FALSE, FALSE, FALSE, FALSE, 
        FALSE, FALSE, FALSE, FALSE, FALSE, FALSE, FALSE, FALSE, 
        FALSE, FALSE, FALSE, FALSE, FALSE, FALSE, FALSE, FALSE, 
        FALSE, FALSE, FALSE, FALSE, FALSE, FALSE, FALSE, FALSE, 
        FALSE, FALSE, FALSE, FALSE, FALSE, FALSE, FALSE, FALSE, 
        FALSE, FALSE, TRUE, TRUE, TRUE, TRUE, TRUE, TRUE, TRUE, 
        TRUE, TRUE, TRUE, FALSE, FALSE, FALSE, FALSE, FALSE, 
        FALSE, FALSE, FALSE, FALSE, FALSE, FALSE, FALSE, FALSE, 
        FALSE, FALSE, FALSE, FALSE, FALSE, FALSE, FALSE, FALSE, 
        FALSE, FALSE, FALSE, FALSE, FALSE, FALSE, FALSE, FALSE, 
        FALSE, FALSE, FALSE, FALSE, FALSE, FALSE, FALSE, FALSE, 
        FALSE, FALSE, FALSE, FALSE, FALSE, FALSE, FALSE, FALSE, 
        FALSE, FALSE, FALSE, FALSE, FALSE, TRUE, TRUE, TRUE, 
        TRUE, TRUE, TRUE, TRUE, TRUE, TRUE, TRUE, FALSE, FALSE, 
        FALSE, FALSE, FALSE, FALSE, FALSE, FALSE, FALSE, FALSE, 
        FALSE, FALSE, FALSE, FALSE, FALSE, FALSE, FALSE, FALSE, 
        FALSE, FALSE, FALSE, FALSE, FALSE, FALSE, FALSE, FALSE, 
        FALSE, FALSE, FALSE, FALSE, FALSE, FALSE, FALSE, FALSE, 
        FALSE, FALSE, FALSE, FALSE, FALSE, FALSE, FALSE, FALSE, 
        FALSE, FALSE, FALSE, FALSE, FALSE, FALSE, FALSE, FALSE, 
        TRUE, TRUE, TRUE, TRUE, TRUE, TRUE, TRUE, TRUE, TRUE, 
        TRUE, FALSE, FALSE, FALSE, FALSE, FALSE, FALSE, FALSE, 
        FALSE, FALSE, FALSE, FALSE, FALSE, FALSE, FALSE, FALSE, 
        FALSE, FALSE, FALSE, FALSE, FALSE, FALSE, FALSE, FALSE, 
        FALSE, FALSE, FALSE, FALSE, FALSE, FALSE, FALSE, FALSE, 
        FALSE, FALSE, FALSE, FALSE, FALSE, FALSE, FALSE, FALSE, 
        FALSE, FALSE, FALSE, FALSE, FALSE, FALSE, FALSE, FALSE, 
        FALSE, FALSE, FALSE), .Names = c("handle_A1", "handle_A2", 
        "handle_A3", "handle_A4", "handle_A5", "handle_A6", "handle_A7", 
        "handle_A8", "handle_A9", "handle_A10", "handle_A11", 
        "handle_A12", "handle_A13", "handle_A14", "handle_A15", 
        "handle_A16", "handle_A17", "handle_A18", "handle_A19", 
        "handle_A20", "handle_A21", "handle_A22", "handle_A23", 
        "handle_A24", "handle_A25", "handle_A26", "handle_A27", 
        "handle_A28", "handle_A29", "handle_A30", "handle_A31", 
        "handle_A32", "handle_A33", "handle_A34", "handle_A35", 
        "handle_A36", "handle_A37", "handle_A38", "handle_A39", 
        "handle_A40", "handle_A41", "handle_A42", "handle_A43", 
        "handle_A44", "handle_A45", "handle_A46", "handle_A47", 
        "handle_A48", "handle_A49", "handle_A50", "handle_A51", 
        "handle_A52", "handle_A53", "handle_A54", "handle_A55", 
        "handle_A56", "handle_A57", "handle_A58", "handle_A59", 
        "handle_A60", "handle_A61", "handle_A62", "handle_A63", 
        "handle_A64", "handle_A65", "handle_A66", "handle_A67", 
        "handle_A68", "handle_A69", "handle_A70", "handle_A71", 
        "handle_A72", "handle_A73", "handle_A74", "handle_A75", 
        "handle_A76", "handle_A77", "handle_A78", "handle_A79", 
        "handle_A80", "handle_A81", "handle_A82", "handle_A83", 
        "handle_A84", "handle_A85", "handle_A86", "handle_A87", 
        "handle_A88", "handle_A89", "handle_A90", "handle_A91", 
        "handle_A92", "handle_A93", "handle_A94", "handle_A95", 
        "handle_A96", "handle_A97", "handle_A98", "handle_A99", 
        "handle_A100", "handle_A101", "handle_A102", "handle_A103", 
        "handle_A104", "handle_A105", "handle_A106", "handle_A107", 
        "handle_A108", "handle_A109", "handle_A110", "handle_A111", 
        "handle_A112", "handle_A113", "handle_A114", "handle_A115", 
        "handle_A116", "handle_A117", "handle_A118", "handle_A119", 
        "handle_A120", "node1", "node2", "node3", "node4", "node5", 
        "node6", "node7", "node8", "node9", "node10", "node11", 
        "node12", "node13", "node14", "node15", "node16", "node17", 
        "node18", "node19", "node20", "node21", "node22", "node23", 
        "node24", "node25", "node26", "node27", "node28", "node29", 
        "node30", "node31", "node32", "node33", "node34", "node35", 
        "node36", "node37", "node38", "node39", "node40", "node41", 
        "node42", "node43", "node44", "node45", "node46", "node47", 
        "node48", "node49", "node50", "node51", "node52", "node53", 
        "node54", "node55", "node56", "node57", "node58", "node59", 
        "node60", "node61", "node62", "node63", "node64", "node65", 
        "node66", "node67", "node68", "node69", "node70", "node71", 
        "node72", "node73", "node74", "node75", "node76", "node77", 
        "node78", "node79", "node80", "node81", "node82", "node83", 
        "node84", "node85", "node86", "node87", "node88", "node89", 
        "node90", "node91", "node92", "node93", "node94", "node95", 
        "node96", "node97", "node98", "node99", "node100", "node101", 
        "node102", "node103", "node104", "node105", "node106", 
        "node107", "node108", "node109", "node110", "node111", 
        "node112", "node113", "node114", "node115", "node116", 
        "node117", "node118", "node119", "node120"))), .Names = c("Mver", 
    "xver", "Mhor", "xhor", "Mrot", "exact_h", "exact_v", "mcdonalds", 
    "celtic", "reefknot", "center_crossing", "indep"))), .Names = c("minsymvec", 
"overunderobj", "symobj"), class = "knot")
