`hexknot2` <-
structure(list(minsymvec = structure(c(handle_A1 = -137.675898606693, 
handle_A2 = -51.553241602868, handle_A3 = -35.1433324116216, 
handle_A4 = -92.4776691158265, handle_A5 = -138.698023706977, 
handle_A6 = -184.927181187077, handle_A7 = -178.947897577933, 
handle_A8 = -148.342301497601, handle_A9 = -45.0094755941478, 
handle_A10 = 14.7410062915056, handle_A61 = 206.904229240248, 
handle_A62 = 158.80907834447, handle_A63 = 59.8338073467125, 
handle_A64 = -13.5536704604851, handle_A65 = -18.5696840886185, 
handle_A66 = 37.1618430598039, handle_A67 = 72.7518950637988, 
handle_A68 = 230.842219290119, handle_A69 = 302.014388797497, 
handle_A70 = 309.666358503592, node1 = -106.390180100127, node2 = -40.8132509529102, 
node3 = -52.4575833744918, node4 = -106.545937329073, node5 = -155.336710548206, 
node6 = -178.270060244933, node7 = -170.072278200661, node8 = -113.846214136461, 
node9 = -33.9890116614635, node10 = 54.2507352357495, node61 = 193.780910995228, 
node62 = 126.273991020785, node63 = 28.7294729864991, node64 = -16.6708221578376, 
node65 = -4.84430427973475, node66 = 76.7272667155195, node67 = 125.3719828547, 
node68 = 263.540896672924, node69 = 303.614836603608, node70 = 286.584185742718
), class = "minsymvec"), overunderobj = structure(c(8, 14, 2, 
18, 24, 12, 28, 34, 22, 38, 44, 32, 48, 52, 4, 54, 42, 58, 1, 
3, 16, 11, 13, 26, 21, 23, 36, 31, 33, 46, 41, 6, 53, 43, 56, 
51), .Dim = c(18L, 2L)), symobj = list(Mver = NULL, xver = NULL, 
    Mhor = NULL, xhor = NULL, Mrot = structure(1:60, .Dim = c(10L, 
    6L)), exact_h = NULL, exact_v = NULL, mcdonalds = FALSE, 
    celtic = FALSE, reefknot = FALSE, center_crossing = FALSE, 
    indep = c(handle_A1 = TRUE, handle_A2 = TRUE, handle_A3 = TRUE, 
    handle_A4 = TRUE, handle_A5 = TRUE, handle_A6 = TRUE, handle_A7 = TRUE, 
    handle_A8 = TRUE, handle_A9 = TRUE, handle_A10 = TRUE, handle_A11 = FALSE, 
    handle_A12 = FALSE, handle_A13 = FALSE, handle_A14 = FALSE, 
    handle_A15 = FALSE, handle_A16 = FALSE, handle_A17 = FALSE, 
    handle_A18 = FALSE, handle_A19 = FALSE, handle_A20 = FALSE, 
    handle_A21 = FALSE, handle_A22 = FALSE, handle_A23 = FALSE, 
    handle_A24 = FALSE, handle_A25 = FALSE, handle_A26 = FALSE, 
    handle_A27 = FALSE, handle_A28 = FALSE, handle_A29 = FALSE, 
    handle_A30 = FALSE, handle_A31 = FALSE, handle_A32 = FALSE, 
    handle_A33 = FALSE, handle_A34 = FALSE, handle_A35 = FALSE, 
    handle_A36 = FALSE, handle_A37 = FALSE, handle_A38 = FALSE, 
    handle_A39 = FALSE, handle_A40 = FALSE, handle_A41 = FALSE, 
    handle_A42 = FALSE, handle_A43 = FALSE, handle_A44 = FALSE, 
    handle_A45 = FALSE, handle_A46 = FALSE, handle_A47 = FALSE, 
    handle_A48 = FALSE, handle_A49 = FALSE, handle_A50 = FALSE, 
    handle_A51 = FALSE, handle_A52 = FALSE, handle_A53 = FALSE, 
    handle_A54 = FALSE, handle_A55 = FALSE, handle_A56 = FALSE, 
    handle_A57 = FALSE, handle_A58 = FALSE, handle_A59 = FALSE, 
    handle_A60 = FALSE, handle_A61 = TRUE, handle_A62 = TRUE, 
    handle_A63 = TRUE, handle_A64 = TRUE, handle_A65 = TRUE, 
    handle_A66 = TRUE, handle_A67 = TRUE, handle_A68 = TRUE, 
    handle_A69 = TRUE, handle_A70 = TRUE, handle_A71 = FALSE, 
    handle_A72 = FALSE, handle_A73 = FALSE, handle_A74 = FALSE, 
    handle_A75 = FALSE, handle_A76 = FALSE, handle_A77 = FALSE, 
    handle_A78 = FALSE, handle_A79 = FALSE, handle_A80 = FALSE, 
    handle_A81 = FALSE, handle_A82 = FALSE, handle_A83 = FALSE, 
    handle_A84 = FALSE, handle_A85 = FALSE, handle_A86 = FALSE, 
    handle_A87 = FALSE, handle_A88 = FALSE, handle_A89 = FALSE, 
    handle_A90 = FALSE, handle_A91 = FALSE, handle_A92 = FALSE, 
    handle_A93 = FALSE, handle_A94 = FALSE, handle_A95 = FALSE, 
    handle_A96 = FALSE, handle_A97 = FALSE, handle_A98 = FALSE, 
    handle_A99 = FALSE, handle_A100 = FALSE, handle_A101 = FALSE, 
    handle_A102 = FALSE, handle_A103 = FALSE, handle_A104 = FALSE, 
    handle_A105 = FALSE, handle_A106 = FALSE, handle_A107 = FALSE, 
    handle_A108 = FALSE, handle_A109 = FALSE, handle_A110 = FALSE, 
    handle_A111 = FALSE, handle_A112 = FALSE, handle_A113 = FALSE, 
    handle_A114 = FALSE, handle_A115 = FALSE, handle_A116 = FALSE, 
    handle_A117 = FALSE, handle_A118 = FALSE, handle_A119 = FALSE, 
    handle_A120 = FALSE, node1 = TRUE, node2 = TRUE, node3 = TRUE, 
    node4 = TRUE, node5 = TRUE, node6 = TRUE, node7 = TRUE, node8 = TRUE, 
    node9 = TRUE, node10 = TRUE, node11 = FALSE, node12 = FALSE, 
    node13 = FALSE, node14 = FALSE, node15 = FALSE, node16 = FALSE, 
    node17 = FALSE, node18 = FALSE, node19 = FALSE, node20 = FALSE, 
    node21 = FALSE, node22 = FALSE, node23 = FALSE, node24 = FALSE, 
    node25 = FALSE, node26 = FALSE, node27 = FALSE, node28 = FALSE, 
    node29 = FALSE, node30 = FALSE, node31 = FALSE, node32 = FALSE, 
    node33 = FALSE, node34 = FALSE, node35 = FALSE, node36 = FALSE, 
    node37 = FALSE, node38 = FALSE, node39 = FALSE, node40 = FALSE, 
    node41 = FALSE, node42 = FALSE, node43 = FALSE, node44 = FALSE, 
    node45 = FALSE, node46 = FALSE, node47 = FALSE, node48 = FALSE, 
    node49 = FALSE, node50 = FALSE, node51 = FALSE, node52 = FALSE, 
    node53 = FALSE, node54 = FALSE, node55 = FALSE, node56 = FALSE, 
    node57 = FALSE, node58 = FALSE, node59 = FALSE, node60 = FALSE, 
    node61 = TRUE, node62 = TRUE, node63 = TRUE, node64 = TRUE, 
    node65 = TRUE, node66 = TRUE, node67 = TRUE, node68 = TRUE, 
    node69 = TRUE, node70 = TRUE, node71 = FALSE, node72 = FALSE, 
    node73 = FALSE, node74 = FALSE, node75 = FALSE, node76 = FALSE, 
    node77 = FALSE, node78 = FALSE, node79 = FALSE, node80 = FALSE, 
    node81 = FALSE, node82 = FALSE, node83 = FALSE, node84 = FALSE, 
    node85 = FALSE, node86 = FALSE, node87 = FALSE, node88 = FALSE, 
    node89 = FALSE, node90 = FALSE, node91 = FALSE, node92 = FALSE, 
    node93 = FALSE, node94 = FALSE, node95 = FALSE, node96 = FALSE, 
    node97 = FALSE, node98 = FALSE, node99 = FALSE, node100 = FALSE, 
    node101 = FALSE, node102 = FALSE, node103 = FALSE, node104 = FALSE, 
    node105 = FALSE, node106 = FALSE, node107 = FALSE, node108 = FALSE, 
    node109 = FALSE, node110 = FALSE, node111 = FALSE, node112 = FALSE, 
    node113 = FALSE, node114 = FALSE, node115 = FALSE, node116 = FALSE, 
    node117 = FALSE, node118 = FALSE, node119 = FALSE, node120 = FALSE
    ))), class = "knot")
