`hexknot` <-
structure(list(minsymvec = structure(c(handle_A1 = -136.190662982355, 
handle_A8 = -113.759062712079, handle_A9 = -16.1171783540354, 
handle_A15 = -16.6363130220456, handle_A16 = -22.7961466766329, 
handle_A61 = 241.1138138101, handle_A68 = 267.484783231644, handle_A75 = 107.462398418304, 
handle_A76 = 150.44300688893, handle_A84 = -43.9567570564657, 
node1 = -64.9779597416458, node8 = -80.6864866471227, node15 = -20.4075043439585, 
node16 = -20.5920848790842, node24 = 66.7839860371408, node61 = 226.958189755802, 
node68 = 285.141933856068, node69 = 304.818457203293, node75 = 122.629411247129, 
node76 = 159.377370490112), class = "minsymvec"), overunderobj = structure(c(2, 
15, 5, 52, 8, 18, 12, 25, 28, 22, 35, 38, 32, 45, 48, 42, 55, 
58, 17, 4, 54, 7, 1, 11, 27, 14, 21, 37, 24, 31, 47, 34, 41, 
57, 44, 51), .Dim = c(18L, 2L)), symobj = list(Mver = structure(c(1, 
8, 15, 16, 17, 10, 3, 2), .Dim = c(4L, 2L)), xver = 9, Mhor = NULL, 
    xhor = 24, Mrot = structure(c(1, 24, 8, 9, 15, 16, 2, 3, 
    10, 17, 11, 34, 18, 19, 25, 26, 12, 13, 20, 27, 21, 44, 28, 
    29, 35, 36, 22, 23, 30, 37, 31, 54, 38, 39, 45, 46, 32, 33, 
    40, 47, 41, 4, 48, 49, 55, 56, 42, 43, 50, 57, 51, 14, 58, 
    59, 5, 6, 52, 53, 60, 7), .Dim = c(10L, 6L)), exact_h = NULL, 
    exact_v = NULL, mcdonalds = FALSE, celtic = TRUE, reefknot = FALSE, 
    center_crossing = FALSE, indep = c(handle_A1 = TRUE, handle_A2 = FALSE, 
    handle_A3 = FALSE, handle_A4 = FALSE, handle_A5 = FALSE, 
    handle_A6 = FALSE, handle_A7 = FALSE, handle_A8 = TRUE, handle_A9 = TRUE, 
    handle_A10 = FALSE, handle_A11 = FALSE, handle_A12 = FALSE, 
    handle_A13 = FALSE, handle_A14 = FALSE, handle_A15 = TRUE, 
    handle_A16 = TRUE, handle_A17 = FALSE, handle_A18 = FALSE, 
    handle_A19 = FALSE, handle_A20 = FALSE, handle_A21 = FALSE, 
    handle_A22 = FALSE, handle_A23 = FALSE, handle_A24 = FALSE, 
    handle_A25 = FALSE, handle_A26 = FALSE, handle_A27 = FALSE, 
    handle_A28 = FALSE, handle_A29 = FALSE, handle_A30 = FALSE, 
    handle_A31 = FALSE, handle_A32 = FALSE, handle_A33 = FALSE, 
    handle_A34 = FALSE, handle_A35 = FALSE, handle_A36 = FALSE, 
    handle_A37 = FALSE, handle_A38 = FALSE, handle_A39 = FALSE, 
    handle_A40 = FALSE, handle_A41 = FALSE, handle_A42 = FALSE, 
    handle_A43 = FALSE, handle_A44 = FALSE, handle_A45 = FALSE, 
    handle_A46 = FALSE, handle_A47 = FALSE, handle_A48 = FALSE, 
    handle_A49 = FALSE, handle_A50 = FALSE, handle_A51 = FALSE, 
    handle_A52 = FALSE, handle_A53 = FALSE, handle_A54 = FALSE, 
    handle_A55 = FALSE, handle_A56 = FALSE, handle_A57 = FALSE, 
    handle_A58 = FALSE, handle_A59 = FALSE, handle_A60 = FALSE, 
    handle_A61 = TRUE, handle_A62 = FALSE, handle_A63 = FALSE, 
    handle_A64 = FALSE, handle_A65 = FALSE, handle_A66 = FALSE, 
    handle_A67 = FALSE, handle_A68 = TRUE, handle_A69 = FALSE, 
    handle_A70 = FALSE, handle_A71 = FALSE, handle_A72 = FALSE, 
    handle_A73 = FALSE, handle_A74 = FALSE, handle_A75 = TRUE, 
    handle_A76 = TRUE, handle_A77 = FALSE, handle_A78 = FALSE, 
    handle_A79 = FALSE, handle_A80 = FALSE, handle_A81 = FALSE, 
    handle_A82 = FALSE, handle_A83 = FALSE, handle_A84 = TRUE, 
    handle_A85 = FALSE, handle_A86 = FALSE, handle_A87 = FALSE, 
    handle_A88 = FALSE, handle_A89 = FALSE, handle_A90 = FALSE, 
    handle_A91 = FALSE, handle_A92 = FALSE, handle_A93 = FALSE, 
    handle_A94 = FALSE, handle_A95 = FALSE, handle_A96 = FALSE, 
    handle_A97 = FALSE, handle_A98 = FALSE, handle_A99 = FALSE, 
    handle_A100 = FALSE, handle_A101 = FALSE, handle_A102 = FALSE, 
    handle_A103 = FALSE, handle_A104 = FALSE, handle_A105 = FALSE, 
    handle_A106 = FALSE, handle_A107 = FALSE, handle_A108 = FALSE, 
    handle_A109 = FALSE, handle_A110 = FALSE, handle_A111 = FALSE, 
    handle_A112 = FALSE, handle_A113 = FALSE, handle_A114 = FALSE, 
    handle_A115 = FALSE, handle_A116 = FALSE, handle_A117 = FALSE, 
    handle_A118 = FALSE, handle_A119 = FALSE, handle_A120 = FALSE, 
    node1 = TRUE, node2 = FALSE, node3 = FALSE, node4 = FALSE, 
    node5 = FALSE, node6 = FALSE, node7 = FALSE, node8 = TRUE, 
    node9 = FALSE, node10 = FALSE, node11 = FALSE, node12 = FALSE, 
    node13 = FALSE, node14 = FALSE, node15 = TRUE, node16 = TRUE, 
    node17 = FALSE, node18 = FALSE, node19 = FALSE, node20 = FALSE, 
    node21 = FALSE, node22 = FALSE, node23 = FALSE, node24 = TRUE, 
    node25 = FALSE, node26 = FALSE, node27 = FALSE, node28 = FALSE, 
    node29 = FALSE, node30 = FALSE, node31 = FALSE, node32 = FALSE, 
    node33 = FALSE, node34 = FALSE, node35 = FALSE, node36 = FALSE, 
    node37 = FALSE, node38 = FALSE, node39 = FALSE, node40 = FALSE, 
    node41 = FALSE, node42 = FALSE, node43 = FALSE, node44 = FALSE, 
    node45 = FALSE, node46 = FALSE, node47 = FALSE, node48 = FALSE, 
    node49 = FALSE, node50 = FALSE, node51 = FALSE, node52 = FALSE, 
    node53 = FALSE, node54 = FALSE, node55 = FALSE, node56 = FALSE, 
    node57 = FALSE, node58 = FALSE, node59 = FALSE, node60 = FALSE, 
    node61 = TRUE, node62 = FALSE, node63 = FALSE, node64 = FALSE, 
    node65 = FALSE, node66 = FALSE, node67 = FALSE, node68 = TRUE, 
    node69 = TRUE, node70 = FALSE, node71 = FALSE, node72 = FALSE, 
    node73 = FALSE, node74 = FALSE, node75 = TRUE, node76 = TRUE, 
    node77 = FALSE, node78 = FALSE, node79 = FALSE, node80 = FALSE, 
    node81 = FALSE, node82 = FALSE, node83 = FALSE, node84 = FALSE, 
    node85 = FALSE, node86 = FALSE, node87 = FALSE, node88 = FALSE, 
    node89 = FALSE, node90 = FALSE, node91 = FALSE, node92 = FALSE, 
    node93 = FALSE, node94 = FALSE, node95 = FALSE, node96 = FALSE, 
    node97 = FALSE, node98 = FALSE, node99 = FALSE, node100 = FALSE, 
    node101 = FALSE, node102 = FALSE, node103 = FALSE, node104 = FALSE, 
    node105 = FALSE, node106 = FALSE, node107 = FALSE, node108 = FALSE, 
    node109 = FALSE, node110 = FALSE, node111 = FALSE, node112 = FALSE, 
    node113 = FALSE, node114 = FALSE, node115 = FALSE, node116 = FALSE, 
    node117 = FALSE, node118 = FALSE, node119 = FALSE, node120 = FALSE
    ))), class = "knot")
