`hexknot` <-
structure(list(minsymvec = structure(c(-156.461534551, -60.076514511275, 
-158.880862719553, -57.1940422833369, -3.58641174991019, 39.6464401444432, 
-89.8785644894886, 50.5660882792194, 72.2710359446532, 204.486590428744, 
185.240809066662, 250.563197991521, 305.54472581141, 314.322495475566, 
67.092274245419, 201.551209299101, 92.4729064298181, 134.20459212591, 
-129.088327074477, -42.3266730531728, -123.609222745699, -49.960680342178, 
36.6388197767093, 2.60184305051379, -3.82067658623165, 56.5290839686203, 
78.3479546906245, 200.580490158778, 146.582572321782, 275.427203613503, 
306.754778703867, 296.312486978849, 71.080059219238, 235.155774364712, 
108.608963694413, 138.998342324246), .Names = c("handle_A1", 
"handle_A2", "handle_A7", "handle_A8", "handle_A9", "handle_A12", 
"handle_A15", "handle_A22", "handle_A23", "handle_A55", "handle_A56", 
"handle_A61", "handle_A62", "handle_A63", "handle_A66", "handle_A69", 
"handle_A76", "handle_A77", "node1", "node2", "node7", "node8", 
"node9", "node12", "node15", "node22", "node23", "node55", "node56", 
"node61", "node62", "node63", "node66", "node69", "node76", "node77"
), class = "minsymvec"), overunderobj = structure(c(1, 15, 3, 
48, 6, 10, 24, 12, 19, 33, 21, 28, 42, 30, 37, 51, 39, 46, 7, 
2, 13, 4, 47, 16, 11, 22, 25, 20, 31, 34, 29, 40, 43, 38, 49, 
52), .Dim = c(18L, 2L)), symobj = structure(list(Mver = NULL, 
    xver = NULL, Mhor = NULL, xhor = NULL, Mrot = structure(c(7, 
    8, 9, 1, 15, 12, 2, 22, 23, 16, 17, 18, 10, 24, 21, 11, 31, 
    32, 25, 26, 27, 19, 33, 30, 20, 40, 41, 34, 35, 36, 28, 42, 
    39, 29, 49, 50, 43, 44, 45, 37, 51, 48, 38, 4, 5, 52, 53, 
    54, 46, 6, 3, 47, 13, 14), .Dim = c(9L, 6L)), exact_h = NULL, 
    exact_v = NULL, mcdonalds = FALSE, celtic = FALSE, reefknot = FALSE, 
    center_crossing = FALSE, indep = structure(c(TRUE, TRUE, 
    FALSE, FALSE, FALSE, FALSE, TRUE, TRUE, TRUE, FALSE, FALSE, 
    TRUE, FALSE, FALSE, TRUE, FALSE, FALSE, FALSE, FALSE, FALSE, 
    FALSE, TRUE, TRUE, FALSE, FALSE, FALSE, FALSE, FALSE, FALSE, 
    FALSE, FALSE, FALSE, FALSE, FALSE, FALSE, FALSE, FALSE, FALSE, 
    FALSE, FALSE, FALSE, FALSE, FALSE, FALSE, FALSE, FALSE, FALSE, 
    FALSE, FALSE, FALSE, FALSE, FALSE, FALSE, FALSE, TRUE, TRUE, 
    FALSE, FALSE, FALSE, FALSE, TRUE, TRUE, TRUE, FALSE, FALSE, 
    TRUE, FALSE, FALSE, TRUE, FALSE, FALSE, FALSE, FALSE, FALSE, 
    FALSE, TRUE, TRUE, FALSE, FALSE, FALSE, FALSE, FALSE, FALSE, 
    FALSE, FALSE, FALSE, FALSE, FALSE, FALSE, FALSE, FALSE, FALSE, 
    FALSE, FALSE, FALSE, FALSE, FALSE, FALSE, FALSE, FALSE, FALSE, 
    FALSE, FALSE, FALSE, FALSE, FALSE, FALSE, FALSE, TRUE, TRUE, 
    FALSE, FALSE, FALSE, FALSE, TRUE, TRUE, TRUE, FALSE, FALSE, 
    TRUE, FALSE, FALSE, TRUE, FALSE, FALSE, FALSE, FALSE, FALSE, 
    FALSE, TRUE, TRUE, FALSE, FALSE, FALSE, FALSE, FALSE, FALSE, 
    FALSE, FALSE, FALSE, FALSE, FALSE, FALSE, FALSE, FALSE, FALSE, 
    FALSE, FALSE, FALSE, FALSE, FALSE, FALSE, FALSE, FALSE, FALSE, 
    FALSE, FALSE, FALSE, FALSE, FALSE, FALSE, FALSE, TRUE, TRUE, 
    FALSE, FALSE, FALSE, FALSE, TRUE, TRUE, TRUE, FALSE, FALSE, 
    TRUE, FALSE, FALSE, TRUE, FALSE, FALSE, FALSE, FALSE, FALSE, 
    FALSE, TRUE, TRUE, FALSE, FALSE, FALSE, FALSE, FALSE, FALSE, 
    FALSE, FALSE, FALSE, FALSE, FALSE, FALSE, FALSE, FALSE, FALSE, 
    FALSE, FALSE, FALSE, FALSE, FALSE, FALSE, FALSE, FALSE, FALSE, 
    FALSE, FALSE, FALSE, FALSE, FALSE, FALSE, FALSE), .Names = c("handle_A1", 
    "handle_A2", "handle_A3", "handle_A4", "handle_A5", "handle_A6", 
    "handle_A7", "handle_A8", "handle_A9", "handle_A10", "handle_A11", 
    "handle_A12", "handle_A13", "handle_A14", "handle_A15", "handle_A16", 
    "handle_A17", "handle_A18", "handle_A19", "handle_A20", "handle_A21", 
    "handle_A22", "handle_A23", "handle_A24", "handle_A25", "handle_A26", 
    "handle_A27", "handle_A28", "handle_A29", "handle_A30", "handle_A31", 
    "handle_A32", "handle_A33", "handle_A34", "handle_A35", "handle_A36", 
    "handle_A37", "handle_A38", "handle_A39", "handle_A40", "handle_A41", 
    "handle_A42", "handle_A43", "handle_A44", "handle_A45", "handle_A46", 
    "handle_A47", "handle_A48", "handle_A49", "handle_A50", "handle_A51", 
    "handle_A52", "handle_A53", "handle_A54", "handle_A55", "handle_A56", 
    "handle_A57", "handle_A58", "handle_A59", "handle_A60", "handle_A61", 
    "handle_A62", "handle_A63", "handle_A64", "handle_A65", "handle_A66", 
    "handle_A67", "handle_A68", "handle_A69", "handle_A70", "handle_A71", 
    "handle_A72", "handle_A73", "handle_A74", "handle_A75", "handle_A76", 
    "handle_A77", "handle_A78", "handle_A79", "handle_A80", "handle_A81", 
    "handle_A82", "handle_A83", "handle_A84", "handle_A85", "handle_A86", 
    "handle_A87", "handle_A88", "handle_A89", "handle_A90", "handle_A91", 
    "handle_A92", "handle_A93", "handle_A94", "handle_A95", "handle_A96", 
    "handle_A97", "handle_A98", "handle_A99", "handle_A100", 
    "handle_A101", "handle_A102", "handle_A103", "handle_A104", 
    "handle_A105", "handle_A106", "handle_A107", "handle_A108", 
    "node1", "node2", "node3", "node4", "node5", "node6", "node7", 
    "node8", "node9", "node10", "node11", "node12", "node13", 
    "node14", "node15", "node16", "node17", "node18", "node19", 
    "node20", "node21", "node22", "node23", "node24", "node25", 
    "node26", "node27", "node28", "node29", "node30", "node31", 
    "node32", "node33", "node34", "node35", "node36", "node37", 
    "node38", "node39", "node40", "node41", "node42", "node43", 
    "node44", "node45", "node46", "node47", "node48", "node49", 
    "node50", "node51", "node52", "node53", "node54", "node55", 
    "node56", "node57", "node58", "node59", "node60", "node61", 
    "node62", "node63", "node64", "node65", "node66", "node67", 
    "node68", "node69", "node70", "node71", "node72", "node73", 
    "node74", "node75", "node76", "node77", "node78", "node79", 
    "node80", "node81", "node82", "node83", "node84", "node85", 
    "node86", "node87", "node88", "node89", "node90", "node91", 
    "node92", "node93", "node94", "node95", "node96", "node97", 
    "node98", "node99", "node100", "node101", "node102", "node103", 
    "node104", "node105", "node106", "node107", "node108"))), .Names = c("Mver", 
"xver", "Mhor", "xhor", "Mrot", "exact_h", "exact_v", "mcdonalds", 
"celtic", "reefknot", "center_crossing", "indep"))), .Names = c("minsymvec", 
"overunderobj", "symobj"), class = "knot")
