`k11a361` <-	
structure(list(minsymvec = structure(c(1.29416758654918, -156.228379055275, 
-242.390965517963, -242.766631231016, -20.4847016884199, 1.84426468500294, 
-197.07572858941, -210.213226624218, -120.44380041928, -1.6609457496702, 
-38.0534535453627, -7.2990255779489, -232.81372493685, -292.57687746792, 
-200.440805585681, 23.5923137589101, -11.4765423640331, -148.371554837626, 
-453.322136315544, -359.289384421936, 261.263632347019, 255.78174880204, 
100.7883659362, -39.1497063650824, 23.1706436321294, -488.858966704765, 
-193.192316105711, -105.628234042786, 26.0216370908006, 106.35652392756, 
-59.3533145160913, -180.745176970038, -251.414585974969, -140.826891068068, 
-29.4075399479161, -66.9481476335606, -216.902864831995, -183.698710973335, 
-58.286285328218, 59.0495442267362, -29.9882693991781, -98.0483047182613, 
-261.932903807011, -262.006910412718, -97.4805790312593, 31.1380476684687, 
-50.7532977953797, -229.599822991067, -510.924542217724, -298.906357439816, 
277.825227841621, 199.447718385076, 55.623727391197, -27.5419175588477, 
31.0576985841228, -421.318577112594, -155.989874803181, -65.6144251551466, 
68.274632255476, 165.766327435807), .Names = c("handle_A4", "handle_A5", 
"handle_A6", "handle_A7", "handle_A9", "handle_A14", "handle_A15", 
"handle_A16", "handle_A17", "handle_A18", "handle_A22", "handle_A24", 
"handle_A25", "handle_A26", "handle_A27", "handle_A32", "handle_A33", 
"handle_A34", "handle_A35", "handle_A37", "handle_A42", "handle_A43", 
"handle_A44", "handle_A45", "handle_A46", "handle_A50", "handle_A52", 
"handle_A53", "handle_A54", "handle_A55", "node4", "node5", "node6", 
"node7", "node9", "node14", "node15", "node16", "node17", "node18", 
"node22", "node24", "node25", "node26", "node27", "node32", "node33", 
"node34", "node35", "node37", "node42", "node43", "node44", "node45", 
"node46", "node50", "node52", "node53", "node54", "node55"), class = "minsymvec"), 
    overunderobj = structure(c(14, 2, 11, 24, 9, 22, 6, 17, 4, 
    19, 27, 28, 13, 20, 10, 23, 8, 25, 5, 18, 3, 16), .Dim = c(11L, 
    2L)), symobj = structure(list(Mver = structure(c(14, 15, 
    27, 26, 25, 16, 5, 17, 24, 6, 7, 9, 22, 28, 1, 13, 12, 11, 
    2, 19, 3, 10, 20, 21, 23, 8), .Dim = c(13L, 2L)), xver = NULL, 
        Mhor = NULL, xhor = NULL, Mrot = NULL, exact_h = NULL, 
        exact_v = NULL, mcdonalds = TRUE, celtic = FALSE, reefknot = FALSE, 
        center_crossing = FALSE, indep = structure(c(FALSE, FALSE, 
        FALSE, TRUE, TRUE, TRUE, TRUE, FALSE, TRUE, FALSE, FALSE, 
        FALSE, FALSE, TRUE, TRUE, TRUE, TRUE, TRUE, FALSE, FALSE, 
        FALSE, TRUE, FALSE, TRUE, TRUE, TRUE, TRUE, FALSE, FALSE, 
        FALSE, FALSE, TRUE, TRUE, TRUE, TRUE, FALSE, TRUE, FALSE, 
        FALSE, FALSE, FALSE, TRUE, TRUE, TRUE, TRUE, TRUE, FALSE, 
        FALSE, FALSE, TRUE, FALSE, TRUE, TRUE, TRUE, TRUE, FALSE, 
        FALSE, FALSE, FALSE, TRUE, TRUE, TRUE, TRUE, FALSE, TRUE, 
        FALSE, FALSE, FALSE, FALSE, TRUE, TRUE, TRUE, TRUE, TRUE, 
        FALSE, FALSE, FALSE, TRUE, FALSE, TRUE, TRUE, TRUE, TRUE, 
        FALSE, FALSE, FALSE, FALSE, TRUE, TRUE, TRUE, TRUE, FALSE, 
        TRUE, FALSE, FALSE, FALSE, FALSE, TRUE, TRUE, TRUE, TRUE, 
        TRUE, FALSE, FALSE, FALSE, TRUE, FALSE, TRUE, TRUE, TRUE, 
        TRUE, FALSE), .Names = c("handle_A1", "handle_A2", "handle_A3", 
        "handle_A4", "handle_A5", "handle_A6", "handle_A7", "handle_A8", 
        "handle_A9", "handle_A10", "handle_A11", "handle_A12", 
        "handle_A13", "handle_A14", "handle_A15", "handle_A16", 
        "handle_A17", "handle_A18", "handle_A19", "handle_A20", 
        "handle_A21", "handle_A22", "handle_A23", "handle_A24", 
        "handle_A25", "handle_A26", "handle_A27", "handle_A28", 
        "handle_A29", "handle_A30", "handle_A31", "handle_A32", 
        "handle_A33", "handle_A34", "handle_A35", "handle_A36", 
        "handle_A37", "handle_A38", "handle_A39", "handle_A40", 
        "handle_A41", "handle_A42", "handle_A43", "handle_A44", 
        "handle_A45", "handle_A46", "handle_A47", "handle_A48", 
        "handle_A49", "handle_A50", "handle_A51", "handle_A52", 
        "handle_A53", "handle_A54", "handle_A55", "handle_A56", 
        "node1", "node2", "node3", "node4", "node5", "node6", 
        "node7", "node8", "node9", "node10", "node11", "node12", 
        "node13", "node14", "node15", "node16", "node17", "node18", 
        "node19", "node20", "node21", "node22", "node23", "node24", 
        "node25", "node26", "node27", "node28", "node29", "node30", 
        "node31", "node32", "node33", "node34", "node35", "node36", 
        "node37", "node38", "node39", "node40", "node41", "node42", 
        "node43", "node44", "node45", "node46", "node47", "node48", 
        "node49", "node50", "node51", "node52", "node53", "node54", 
        "node55", "node56"))), .Names = c("Mver", "xver", "Mhor", 
    "xhor", "Mrot", "exact_h", "exact_v", "mcdonalds", "celtic", 
    "reefknot", "center_crossing", "indep"))), .Names = c("minsymvec", 
"overunderobj", "symobj"), class = "knot")
