`k11a179` <-	
structure(list(minsymvec = structure(c(-106.079419889705, -284.138419236048, 
-246.215137537325, -74.865735573394, -100.180549852955, -238.840731446424, 
-291.644195428907, -173.452704721204, 72.9679750753269, -129.828722741487, 
-264.422764979154, -197.286587923044, -204.296105058825, -111.172492476164, 
60.4581563228422, -490.575500311746, -416.752455654974, -218.326147581271, 
-332.09881616347, -534.938800376254, -638.918400287988, -792.036474694992, 
-852.836646762241, -329.619808270042, -464.566078413957, -641.907884527983, 
-869.886300480726, -1016.41513345032, -161.227261205499, -295.96308388386, 
-176.275056202438, -77.6972668576945, -153.557143188423, -267.562603283478, 
-247.007689320158, -86.9129883674128, -170.86852148485, -253.499771447086, 
-182.845988555122, -186.083248026163, -55.4583970597522, -468.103244501854, 
-346.089291879226, -236.763798450243, -402.139654179833, -587.532590762332, 
-685.271484906827, -832.643175002477, -901.540801541839, -298.778620779039, 
-366.511234265561, -551.11199838669, -746.030219652757, -928.873884408238, 
-1001.1116162532, -509.588046290483), .Names = c("handle_A1", 
"handle_A2", "handle_A3", "handle_A4", "handle_A5", "handle_A6", 
"handle_A7", "handle_A8", "handle_A14", "handle_A15", "handle_A16", 
"handle_A17", "handle_A18", "handle_A19", "handle_A28", "handle_A29", 
"handle_A30", "handle_A31", "handle_A32", "handle_A33", "handle_A34", 
"handle_A35", "handle_A36", "handle_A43", "handle_A44", "handle_A45", 
"handle_A46", "handle_A47", "node1", "node2", "node3", "node4", 
"node5", "node6", "node7", "node8", "node15", "node16", "node17", 
"node18", "node19", "node29", "node30", "node31", "node32", "node33", 
"node34", "node35", "node36", "node42", "node43", "node44", "node45", 
"node46", "node47", "node56"), class = "minsymvec"), overunderobj = structure(c(25, 
13, 23, 11, 20, 8, 17, 2, 15, 28, 5, 14, 27, 12, 21, 9, 18, 6, 
16, 4, 24, 1), .Dim = c(11L, 2L)), symobj = structure(list(Mver = structure(c(3, 
2, 15, 4, 1, 16, 5, 6, 7, 17, 8, 18, 19, 25, 26, 13, 24, 27, 
12, 23, 22, 21, 11, 20, 10, 9), .Dim = c(13L, 2L)), xver = c(14, 
28), Mhor = NULL, xhor = NULL, Mrot = NULL, exact_h = NULL, exact_v = NULL, 
    mcdonalds = FALSE, celtic = FALSE, reefknot = FALSE, center_crossing = FALSE, 
    indep = structure(c(TRUE, TRUE, TRUE, TRUE, TRUE, TRUE, TRUE, 
    TRUE, FALSE, FALSE, FALSE, FALSE, FALSE, TRUE, TRUE, TRUE, 
    TRUE, TRUE, TRUE, FALSE, FALSE, FALSE, FALSE, FALSE, FALSE, 
    FALSE, FALSE, TRUE, TRUE, TRUE, TRUE, TRUE, TRUE, TRUE, TRUE, 
    TRUE, FALSE, FALSE, FALSE, FALSE, FALSE, FALSE, TRUE, TRUE, 
    TRUE, TRUE, TRUE, FALSE, FALSE, FALSE, FALSE, FALSE, FALSE, 
    FALSE, FALSE, FALSE, TRUE, TRUE, TRUE, TRUE, TRUE, TRUE, 
    TRUE, TRUE, FALSE, FALSE, FALSE, FALSE, FALSE, FALSE, TRUE, 
    TRUE, TRUE, TRUE, TRUE, FALSE, FALSE, FALSE, FALSE, FALSE, 
    FALSE, FALSE, FALSE, FALSE, TRUE, TRUE, TRUE, TRUE, TRUE, 
    TRUE, TRUE, TRUE, FALSE, FALSE, FALSE, FALSE, FALSE, TRUE, 
    TRUE, TRUE, TRUE, TRUE, TRUE, FALSE, FALSE, FALSE, FALSE, 
    FALSE, FALSE, FALSE, FALSE, TRUE), .Names = c("handle_A1", 
    "handle_A2", "handle_A3", "handle_A4", "handle_A5", "handle_A6", 
    "handle_A7", "handle_A8", "handle_A9", "handle_A10", "handle_A11", 
    "handle_A12", "handle_A13", "handle_A14", "handle_A15", "handle_A16", 
    "handle_A17", "handle_A18", "handle_A19", "handle_A20", "handle_A21", 
    "handle_A22", "handle_A23", "handle_A24", "handle_A25", "handle_A26", 
    "handle_A27", "handle_A28", "handle_A29", "handle_A30", "handle_A31", 
    "handle_A32", "handle_A33", "handle_A34", "handle_A35", "handle_A36", 
    "handle_A37", "handle_A38", "handle_A39", "handle_A40", "handle_A41", 
    "handle_A42", "handle_A43", "handle_A44", "handle_A45", "handle_A46", 
    "handle_A47", "handle_A48", "handle_A49", "handle_A50", "handle_A51", 
    "handle_A52", "handle_A53", "handle_A54", "handle_A55", "handle_A56", 
    "node1", "node2", "node3", "node4", "node5", "node6", "node7", 
    "node8", "node9", "node10", "node11", "node12", "node13", 
    "node14", "node15", "node16", "node17", "node18", "node19", 
    "node20", "node21", "node22", "node23", "node24", "node25", 
    "node26", "node27", "node28", "node29", "node30", "node31", 
    "node32", "node33", "node34", "node35", "node36", "node37", 
    "node38", "node39", "node40", "node41", "node42", "node43", 
    "node44", "node45", "node46", "node47", "node48", "node49", 
    "node50", "node51", "node52", "node53", "node54", "node55", 
    "node56"))), .Names = c("Mver", "xver", "Mhor", "xhor", "Mrot", 
"exact_h", "exact_v", "mcdonalds", "celtic", "reefknot", "center_crossing", 
"indep"))), .Names = c("minsymvec", "overunderobj", "symobj"), class = "knot")
