`k11a1` <-	
structure(list(minsymvec = structure(c(170.765785551996, 280.229649423713, 
223.345699942271, 52.3170992819306, -58.5130120912264, -213.874161970058, 
-328.630661641401, -196.575112608328, -7.17613848337861, 33.538526189701, 
-3.45028856722905, -61.525265304095, -182.822430617187, -438.491743168004, 
-264.496064015634, -212.091464936984, -191.380055733256, -122.400541866362, 
52.6604384333003, 202.176285714215, 375.930001958259, 405.474005154958, 
223.236120897847, 184.312608756936, 227.016396898241, 353.470235656058, 
324.296915099465, 170.204416641419, 98.8394858046391, -31.9171702911696, 
-22.1313041288013, 118.461752207842, 293.191379577989, 181.060846491053, 
5.913798016641, -90.9032953434934, -85.747861848724, 99.7476646706256, 
251.884189505968, 198.725483381076, 132.839872602617, 33.4684602133092, 
-107.241281637499, -248.735907618734, -112.892581459118, 48.6730739259949, 
29.3556098713084, -82.7008119327938, -241.686079216091, -284.542934132964, 
-192.511967047565, -62.7224014636084, 171.229657772872, 178.628993203757, 
102.807585929739, 11.6267602642144, -109.339669157588, -261.982232576698, 
-217.786940596403, -86.71252079995, 29.921282300467, 261.628702660498, 
300.955077128102, 207.419463028757, 273.33130544369, 159.367765761831, 
-122.886687045161, -269.841844843256, -294.429744718504, -121.066252585904, 
4.26872930186152, 25.1217574379165, -35.1730792058263, -92.9638799796646, 
-273.42071806306, -396.442307434701, -256.511719393901, -193.402898963947, 
-174.049332808177, -66.3882152308286, 106.861777099338, 258.461781850202, 
403.918920323581, 338.845741036615, 208.07461340599, 194.969191776715, 
275.199603154899, 356.843551740783, 263.164053485972, 131.594907273141, 
53.8519836067437, -55.3369779285872, 25.7797332188818, 126.420534806025, 
264.75338258935, 108.391310431612, -39.4941045498521, -103.913649704981, 
-78.4108829773615, -35.2129026594965, 156.907865373045, 248.11350934277, 
182.322538841898, 85.7622806465943, -26.5759854377399, -152.465155079752, 
-229.504244171303, -16.5507351763973, 45.8360206054164, -15.3340305498257, 
-141.574176861801, -264.50917331327, -262.130246050682, -145.575650794462, 
14.2886236836277, 198.156539213359, 156.074295498655, 66.9245336524625, 
-35.8324750603989, -160.390396581834, -262.223054587607, -158.000676004074, 
-24.1898149122143, 114.942351515612, 284.320506129591, 299.81806346867
), .Names = c("handle_A1", "handle_A2", "handle_A3", "handle_A4", 
"handle_A5", "handle_A6", "handle_A7", "handle_A8", "handle_A9", 
"handle_A10", "handle_A11", "handle_A12", "handle_A13", "handle_A14", 
"handle_A15", "handle_A16", "handle_A17", "handle_A18", "handle_A19", 
"handle_A20", "handle_A21", "handle_A22", "handle_A23", "handle_A24", 
"handle_A25", "handle_A26", "handle_A27", "handle_A28", "handle_A29", 
"handle_A30", "handle_A31", "handle_A32", "handle_A33", "handle_A34", 
"handle_A35", "handle_A37", "handle_A38", "handle_A39", "handle_A40", 
"handle_A41", "handle_A42", "handle_A43", "handle_A44", "handle_A45", 
"handle_A46", "handle_A47", "handle_A48", "handle_A49", "handle_A50", 
"handle_A51", "handle_A52", "handle_A53", "handle_A54", "handle_A55", 
"handle_A56", "handle_A57", "handle_A58", "handle_A59", "handle_A60", 
"handle_A61", "handle_A62", "handle_A63", "handle_A64", "node1", 
"node2", "node3", "node5", "node6", "node7", "node8", "node9", 
"node10", "node11", "node12", "node13", "node14", "node15", "node16", 
"node17", "node18", "node19", "node20", "node21", "node22", "node23", 
"node24", "node25", "node26", "node27", "node28", "node29", "node30", 
"node31", "node32", "node33", "node34", "node35", "node36", "node37", 
"node38", "node39", "node40", "node41", "node42", "node43", "node44", 
"node45", "node46", "node47", "node48", "node49", "node50", "node51", 
"node52", "node53", "node54", "node55", "node56", "node57", "node58", 
"node59", "node60", "node61", "node62", "node63", "node64"), class = "minsymvec"), 
    overunderobj = structure(c(2, 25, 4, 12, 6, 15, 9, 30, 18, 
    28, 21, 23, 3, 29, 5, 17, 7, 31, 11, 13, 20, 26), .Dim = c(11L, 
    2L)), symobj = structure(list(Mver = NULL, xver = 4, Mhor = NULL, 
        xhor = NULL, Mrot = NULL, exact_h = NULL, exact_v = NULL, 
        mcdonalds = FALSE, celtic = FALSE, reefknot = FALSE, 
        center_crossing = FALSE, indep = structure(c(TRUE, TRUE, 
        TRUE, TRUE, TRUE, TRUE, TRUE, TRUE, TRUE, TRUE, TRUE, 
        TRUE, TRUE, TRUE, TRUE, TRUE, TRUE, TRUE, TRUE, TRUE, 
        TRUE, TRUE, TRUE, TRUE, TRUE, TRUE, TRUE, TRUE, TRUE, 
        TRUE, TRUE, TRUE, TRUE, TRUE, TRUE, FALSE, TRUE, TRUE, 
        TRUE, TRUE, TRUE, TRUE, TRUE, TRUE, TRUE, TRUE, TRUE, 
        TRUE, TRUE, TRUE, TRUE, TRUE, TRUE, TRUE, TRUE, TRUE, 
        TRUE, TRUE, TRUE, TRUE, TRUE, TRUE, TRUE, TRUE, TRUE, 
        TRUE, TRUE, FALSE, TRUE, TRUE, TRUE, TRUE, TRUE, TRUE, 
        TRUE, TRUE, TRUE, TRUE, TRUE, TRUE, TRUE, TRUE, TRUE, 
        TRUE, TRUE, TRUE, TRUE, TRUE, TRUE, TRUE, TRUE, TRUE, 
        TRUE, TRUE, TRUE, TRUE, TRUE, TRUE, TRUE, TRUE, TRUE, 
        TRUE, TRUE, TRUE, TRUE, TRUE, TRUE, TRUE, TRUE, TRUE, 
        TRUE, TRUE, TRUE, TRUE, TRUE, TRUE, TRUE, TRUE, TRUE, 
        TRUE, TRUE, TRUE, TRUE, TRUE, TRUE, TRUE, TRUE, TRUE), .Names = c("handle_A1", 
        "handle_A2", "handle_A3", "handle_A4", "handle_A5", "handle_A6", 
        "handle_A7", "handle_A8", "handle_A9", "handle_A10", 
        "handle_A11", "handle_A12", "handle_A13", "handle_A14", 
        "handle_A15", "handle_A16", "handle_A17", "handle_A18", 
        "handle_A19", "handle_A20", "handle_A21", "handle_A22", 
        "handle_A23", "handle_A24", "handle_A25", "handle_A26", 
        "handle_A27", "handle_A28", "handle_A29", "handle_A30", 
        "handle_A31", "handle_A32", "handle_A33", "handle_A34", 
        "handle_A35", "handle_A36", "handle_A37", "handle_A38", 
        "handle_A39", "handle_A40", "handle_A41", "handle_A42", 
        "handle_A43", "handle_A44", "handle_A45", "handle_A46", 
        "handle_A47", "handle_A48", "handle_A49", "handle_A50", 
        "handle_A51", "handle_A52", "handle_A53", "handle_A54", 
        "handle_A55", "handle_A56", "handle_A57", "handle_A58", 
        "handle_A59", "handle_A60", "handle_A61", "handle_A62", 
        "handle_A63", "handle_A64", "node1", "node2", "node3", 
        "node4", "node5", "node6", "node7", "node8", "node9", 
        "node10", "node11", "node12", "node13", "node14", "node15", 
        "node16", "node17", "node18", "node19", "node20", "node21", 
        "node22", "node23", "node24", "node25", "node26", "node27", 
        "node28", "node29", "node30", "node31", "node32", "node33", 
        "node34", "node35", "node36", "node37", "node38", "node39", 
        "node40", "node41", "node42", "node43", "node44", "node45", 
        "node46", "node47", "node48", "node49", "node50", "node51", 
        "node52", "node53", "node54", "node55", "node56", "node57", 
        "node58", "node59", "node60", "node61", "node62", "node63", 
        "node64"))), .Names = c("Mver", "xver", "Mhor", "xhor", 
    "Mrot", "exact_h", "exact_v", "mcdonalds", "celtic", "reefknot", 
    "center_crossing", "indep"))), .Names = c("minsymvec", "overunderobj", 
"symobj"), class = "knot")
