`k11n157_morenodes` <-
structure(list(minsymvec = structure(c(-17.309748998458, -243.115865402964, 
-322.503785597639, -219.495972597015, -29.8292065754553, 4.03977672018615, 
-93.7756252169563, -262.468999755565, -105.989312064642, 2.79408061928017, 
-123.821527695676, -169.436178850656, -32.647015655441, -13.7514258452913, 
-79.9400418776796, -310.431359632016, -353.326605812784, -87.9753989387452, 
-2.57380182496438, -288.31217450344, -201.917775072369, 100.034050283551, 
251.288044942956, -93.428359907759, -218.079544011873, -382.32482541805, 
-87.6270858903156, 60.2094694791367, -76.8811936948561, -301.55366489326, 
-288.80998357143, -147.309698745062, -47.9353048929146, -164.297523810987, 
-216.505273686593, -70.78651677242, -44.5908950555554, -142.139998363289, 
-130.893947134962, -37.5890005663225, -46.6595027020839, -331.377731835655, 
-264.367102616006, -50.779542230436, 17.1597687550029, 36.9009980321012, 
-235.97268046108, -109.33001849016, 175.404915306416, 243.592580413326, 
-140.688146961789, -266.691076277196, -437.072929964557, -504.811479404681, 
-46.0587626329736, 134.651309526344), .Names = c("handle_A3", 
"handle_A4", "handle_A5", "handle_A6", "handle_A7", "handle_A12", 
"handle_A13", "handle_A14", "handle_A15", "handle_A18", "handle_A19", 
"handle_A20", "handle_A21", "handle_A25", "handle_A26", "handle_A31", 
"handle_A32", "handle_A33", "handle_A34", "handle_A40", "handle_A41", 
"handle_A42", "handle_A43", "handle_A46", "handle_A47", "handle_A48", 
"handle_A53", "handle_A54", "node3", "node4", "node5", "node6", 
"node12", "node13", "node14", "node15", "node18", "node19", "node20", 
"node25", "node26", "node31", "node32", "node33", "node34", "node35", 
"node40", "node41", "node42", "node43", "node46", "node47", "node48", 
"node49", "node53", "node54"), class = "minsymvec"), overunderobj = structure(c(1, 
2, 12, 4, 6, 26, 8, 23, 19, 16, 18, 9, 24, 3, 20, 14, 7, 17, 
11, 13, 27, 25), .Dim = c(11L, 2L)), symobj = structure(list(
    Mver = structure(c(15, 14, 26, 6, 5, 25, 13, 18, 4, 19, 12, 
    3, 20, 27, 28, 16, 8, 9, 17, 1, 24, 10, 23, 2, 11, 22), .Dim = c(13L, 
    2L)), xver = c(7, 21), Mhor = NULL, xhor = NULL, Mrot = NULL, 
    mcdonalds = FALSE, celtic = FALSE, indep = structure(c(FALSE, 
    FALSE, TRUE, TRUE, TRUE, TRUE, TRUE, FALSE, FALSE, FALSE, 
    FALSE, TRUE, TRUE, TRUE, TRUE, FALSE, FALSE, TRUE, TRUE, 
    TRUE, TRUE, FALSE, FALSE, FALSE, TRUE, TRUE, FALSE, FALSE, 
    FALSE, FALSE, TRUE, TRUE, TRUE, TRUE, FALSE, FALSE, FALSE, 
    FALSE, FALSE, TRUE, TRUE, TRUE, TRUE, FALSE, FALSE, TRUE, 
    TRUE, TRUE, FALSE, FALSE, FALSE, FALSE, TRUE, TRUE, FALSE, 
    FALSE, FALSE, FALSE, TRUE, TRUE, TRUE, TRUE, FALSE, FALSE, 
    FALSE, FALSE, FALSE, TRUE, TRUE, TRUE, TRUE, FALSE, FALSE, 
    TRUE, TRUE, TRUE, FALSE, FALSE, FALSE, FALSE, TRUE, TRUE, 
    FALSE, FALSE, FALSE, FALSE, TRUE, TRUE, TRUE, TRUE, TRUE, 
    FALSE, FALSE, FALSE, FALSE, TRUE, TRUE, TRUE, TRUE, FALSE, 
    FALSE, TRUE, TRUE, TRUE, TRUE, FALSE, FALSE, FALSE, TRUE, 
    TRUE, FALSE, FALSE), .Names = c("handle_A1", "handle_A2", 
    "handle_A3", "handle_A4", "handle_A5", "handle_A6", "handle_A7", 
    "handle_A8", "handle_A9", "handle_A10", "handle_A11", "handle_A12", 
    "handle_A13", "handle_A14", "handle_A15", "handle_A16", "handle_A17", 
    "handle_A18", "handle_A19", "handle_A20", "handle_A21", "handle_A22", 
    "handle_A23", "handle_A24", "handle_A25", "handle_A26", "handle_A27", 
    "handle_A28", "handle_A29", "handle_A30", "handle_A31", "handle_A32", 
    "handle_A33", "handle_A34", "handle_A35", "handle_A36", "handle_A37", 
    "handle_A38", "handle_A39", "handle_A40", "handle_A41", "handle_A42", 
    "handle_A43", "handle_A44", "handle_A45", "handle_A46", "handle_A47", 
    "handle_A48", "handle_A49", "handle_A50", "handle_A51", "handle_A52", 
    "handle_A53", "handle_A54", "handle_A55", "handle_A56", "node1", 
    "node2", "node3", "node4", "node5", "node6", "node7", "node8", 
    "node9", "node10", "node11", "node12", "node13", "node14", 
    "node15", "node16", "node17", "node18", "node19", "node20", 
    "node21", "node22", "node23", "node24", "node25", "node26", 
    "node27", "node28", "node29", "node30", "node31", "node32", 
    "node33", "node34", "node35", "node36", "node37", "node38", 
    "node39", "node40", "node41", "node42", "node43", "node44", 
    "node45", "node46", "node47", "node48", "node49", "node50", 
    "node51", "node52", "node53", "node54", "node55", "node56"
    ))), .Names = c("Mver", "xver", "Mhor", "xhor", "Mrot", "mcdonalds", 
"celtic", "indep"))), .Names = c("minsymvec", "overunderobj", 
"symobj"), class = "knot")

