`k11n22` <-
structure(list(minsymvec = structure(c(210.781408713837, 10.2738369980927, 
-61.0490314411713, -170.676330205361, -177.694989910109, -394.28058065103, 
-354.261844409418, -115.424088134202, -16.2268396759803, -203.567496772879, 
-333.308599258281, -273.115429580481, -160.367437112618, 29.6065332092613, 
-85.8130728739393, -116.790554135736, -40.7766826122992, -362.878711894891, 
-237.381349984988, -1.67831018216549, 68.8368306261728, -233.293919121732, 
-226.351557553102, -148.712892929945, -53.795302987382, 117.588388849111, 
201.738529096062, 237.778675516689, -172.255551693154, 12.51188057317, 
191.480725856224, -106.981451928225, -191.399093159963, -232.111185914845, 
-414.378645681636, -269.821965738104, -107.691055283723, -65.433043889585, 
-275.974348571663, -317.112688114777, -241.955608290464, -96.698574278639, 
-113.447966481511, -63.1642740490418, -137.581403156774, -363.219510946732, 
-324.044851119144, -139.24786131992, 45.2708784504748, -35.8851715443313, 
-257.155535280605, -220.309632506911, -71.4813082062866, -4.25296980730537, 
148.611854626702, 214.639197896325, 217.942117781388, -184.135786631156, 
-113.697892142426, 83.9440308446143), .Names = c("handle_A8", 
"handle_A10", "handle_A11", "handle_A12", "handle_A13", "handle_A14", 
"handle_A15", "handle_A16", "handle_A17", "handle_A18", "handle_A19", 
"handle_A20", "handle_A21", "handle_A24", "handle_A25", "handle_A26", 
"handle_A36", "handle_A39", "handle_A40", "handle_A41", "handle_A42", 
"handle_A43", "handle_A44", "handle_A45", "handle_A46", "handle_A47", 
"handle_A48", "handle_A49", "handle_A53", "handle_A54", "node8", 
"node11", "node12", "node13", "node14", "node15", "node16", "node17", 
"node18", "node19", "node20", "node21", "node25", "node26", "node36", 
"node38", "node39", "node40", "node41", "node42", "node43", "node44", 
"node45", "node46", "node47", "node48", "node49", "node52", "node53", 
"node54"), class = "minsymvec"), overunderobj = structure(c(22, 
3, 24, 25, 18, 2, 8, 5, 12, 18, 14, 27, 23, 4, 17, 26, 7, 3, 
9, 16, 13, 19), .Dim = c(11L, 2L)), symobj = structure(list(Mver = structure(c(19, 
20, 21, 13, 26, 18, 14, 15, 17, 25, 16, 11, 1, 28, 27, 7, 22, 
2, 6, 5, 3, 23, 4, 9), .Dim = c(12L, 2L)), xver = c(10, 24), 
    Mhor = NULL, xhor = NULL, Mrot = NULL, exact_h = NULL, exact_v = NULL, 
    mcdonalds = FALSE, celtic = FALSE, reefknot = FALSE, center_crossing = FALSE, 
    indep = structure(c(FALSE, FALSE, FALSE, FALSE, FALSE, FALSE, 
    FALSE, TRUE, FALSE, TRUE, TRUE, TRUE, TRUE, TRUE, TRUE, TRUE, 
    TRUE, TRUE, TRUE, TRUE, TRUE, FALSE, FALSE, TRUE, TRUE, TRUE, 
    FALSE, FALSE, FALSE, FALSE, FALSE, FALSE, FALSE, FALSE, FALSE, 
    TRUE, FALSE, FALSE, TRUE, TRUE, TRUE, TRUE, TRUE, TRUE, TRUE, 
    TRUE, TRUE, TRUE, TRUE, FALSE, FALSE, FALSE, TRUE, TRUE, 
    FALSE, FALSE, FALSE, FALSE, FALSE, FALSE, FALSE, FALSE, FALSE, 
    TRUE, FALSE, FALSE, TRUE, TRUE, TRUE, TRUE, TRUE, TRUE, TRUE, 
    TRUE, TRUE, TRUE, TRUE, FALSE, FALSE, FALSE, TRUE, TRUE, 
    FALSE, FALSE, FALSE, FALSE, FALSE, FALSE, FALSE, FALSE, FALSE, 
    TRUE, FALSE, TRUE, TRUE, TRUE, TRUE, TRUE, TRUE, TRUE, TRUE, 
    TRUE, TRUE, TRUE, TRUE, FALSE, FALSE, TRUE, TRUE, TRUE, FALSE, 
    FALSE), .Names = c("handle_A1", "handle_A2", "handle_A3", 
    "handle_A4", "handle_A5", "handle_A6", "handle_A7", "handle_A8", 
    "handle_A9", "handle_A10", "handle_A11", "handle_A12", "handle_A13", 
    "handle_A14", "handle_A15", "handle_A16", "handle_A17", "handle_A18", 
    "handle_A19", "handle_A20", "handle_A21", "handle_A22", "handle_A23", 
    "handle_A24", "handle_A25", "handle_A26", "handle_A27", "handle_A28", 
    "handle_A29", "handle_A30", "handle_A31", "handle_A32", "handle_A33", 
    "handle_A34", "handle_A35", "handle_A36", "handle_A37", "handle_A38", 
    "handle_A39", "handle_A40", "handle_A41", "handle_A42", "handle_A43", 
    "handle_A44", "handle_A45", "handle_A46", "handle_A47", "handle_A48", 
    "handle_A49", "handle_A50", "handle_A51", "handle_A52", "handle_A53", 
    "handle_A54", "handle_A55", "handle_A56", "node1", "node2", 
    "node3", "node4", "node5", "node6", "node7", "node8", "node9", 
    "node10", "node11", "node12", "node13", "node14", "node15", 
    "node16", "node17", "node18", "node19", "node20", "node21", 
    "node22", "node23", "node24", "node25", "node26", "node27", 
    "node28", "node29", "node30", "node31", "node32", "node33", 
    "node34", "node35", "node36", "node37", "node38", "node39", 
    "node40", "node41", "node42", "node43", "node44", "node45", 
    "node46", "node47", "node48", "node49", "node50", "node51", 
    "node52", "node53", "node54", "node55", "node56"))), .Names = c("Mver", 
"xver", "Mhor", "xhor", "Mrot", "exact_h", "exact_v", "mcdonalds", 
"celtic", "reefknot", "center_crossing", "indep"))), .Names = c("minsymvec", 
"overunderobj", "symobj"), class = "knot")
