`k12n_0242` <-
structure(list(minsymvec = structure(c(79.5975750784636, -103.598422366112, 
-187.363980405605, -116.994525602942, -15.5897017130042, -157.281423005516, 
-323.235956798404, -237.047703239601, -79.3721596670285, 6.79065387498467, 
-227.554366457119, -249.753177146585, -255.201648247813, -237.704021935943, 
-154.560658862219, -241.401861767191, -95.5106332309778, 39.1565563131199, 
-811.890645491933, -666.187547923083, -515.154638277986, -315.91716686634, 
-726.862098150953, -715.055543326176, -512.007351947773, -310.976264609574, 
-181.648147054402, -123.85511023519, -133.483669494589, -175.908931075383, 
-60.7793222086336, -112.870258719999, -204.568536594661, -322.80402651612, 
-165.865940675679, -81.7293332930394, -278.33062849628, -236.609201668986, 
-254.626188633054, -208.757784528298, -77.5888603984755, -305.075792498855, 
-183.78527811741, -45.8790000292739, 28.3008279665352, -773.636469878885, 
-581.594513810995, -417.119291186409, -285.120198550115, -221.126010481258, 
-692.604742563568, -625.688158493731, -422.004921808434, -262.079208895305, 
-153.016403146153, -71.1059271346315), .Names = c("handle_A3", 
"handle_A4", "handle_A5", "handle_A6", "handle_A13", "handle_A14", 
"handle_A15", "handle_A16", "handle_A17", "handle_A22", "handle_A23", 
"handle_A24", "handle_A25", "handle_A26", "handle_A27", "handle_A32", 
"handle_A33", "handle_A34", "handle_A41", "handle_A42", "handle_A43", 
"handle_A44", "handle_A50", "handle_A51", "handle_A52", "handle_A53", 
"handle_A54", "handle_A55", "node4", "node5", "node6", "node13", 
"node14", "node15", "node16", "node22", "node23", "node24", "node25", 
"node26", "node27", "node31", "node32", "node33", "node34", "node41", 
"node42", "node43", "node44", "node45", "node50", "node51", "node52", 
"node53", "node54", "node55"), class = "minsymvec"), overunderobj = structure(c(2, 
3, 17, 27, 7, 10, 20, 12, 22, 14, 24, 16, 8, 18, 4, 5, 28, 19, 
11, 21, 13, 23, 15, 25), .Dim = c(12L, 2L)), symobj = structure(list(
    Mver = structure(c(6, 5, 27, 26, 4, 25, 16, 15, 24, 14, 23, 
    22, 13, 28, 1, 7, 8, 2, 9, 18, 19, 10, 20, 11, 12, 21), .Dim = c(13L, 
    2L)), xver = c(3, 17), Mhor = NULL, xhor = NULL, Mrot = NULL, 
    mcdonalds = FALSE, celtic = FALSE, indep = structure(c(FALSE, 
    FALSE, TRUE, TRUE, TRUE, TRUE, FALSE, FALSE, FALSE, FALSE, 
    FALSE, FALSE, TRUE, TRUE, TRUE, TRUE, TRUE, FALSE, FALSE, 
    FALSE, FALSE, TRUE, TRUE, TRUE, TRUE, TRUE, TRUE, FALSE, 
    FALSE, FALSE, FALSE, TRUE, TRUE, TRUE, FALSE, FALSE, FALSE, 
    FALSE, FALSE, FALSE, TRUE, TRUE, TRUE, TRUE, FALSE, FALSE, 
    FALSE, FALSE, FALSE, TRUE, TRUE, TRUE, TRUE, TRUE, TRUE, 
    FALSE, FALSE, FALSE, FALSE, TRUE, TRUE, TRUE, FALSE, FALSE, 
    FALSE, FALSE, FALSE, FALSE, TRUE, TRUE, TRUE, TRUE, FALSE, 
    FALSE, FALSE, FALSE, FALSE, TRUE, TRUE, TRUE, TRUE, TRUE, 
    TRUE, FALSE, FALSE, FALSE, TRUE, TRUE, TRUE, TRUE, FALSE, 
    FALSE, FALSE, FALSE, FALSE, FALSE, TRUE, TRUE, TRUE, TRUE, 
    TRUE, FALSE, FALSE, FALSE, FALSE, TRUE, TRUE, TRUE, TRUE, 
    TRUE, TRUE, FALSE), .Names = c("handle_A1", "handle_A2", 
    "handle_A3", "handle_A4", "handle_A5", "handle_A6", "handle_A7", 
    "handle_A8", "handle_A9", "handle_A10", "handle_A11", "handle_A12", 
    "handle_A13", "handle_A14", "handle_A15", "handle_A16", "handle_A17", 
    "handle_A18", "handle_A19", "handle_A20", "handle_A21", "handle_A22", 
    "handle_A23", "handle_A24", "handle_A25", "handle_A26", "handle_A27", 
    "handle_A28", "handle_A29", "handle_A30", "handle_A31", "handle_A32", 
    "handle_A33", "handle_A34", "handle_A35", "handle_A36", "handle_A37", 
    "handle_A38", "handle_A39", "handle_A40", "handle_A41", "handle_A42", 
    "handle_A43", "handle_A44", "handle_A45", "handle_A46", "handle_A47", 
    "handle_A48", "handle_A49", "handle_A50", "handle_A51", "handle_A52", 
    "handle_A53", "handle_A54", "handle_A55", "handle_A56", "node1", 
    "node2", "node3", "node4", "node5", "node6", "node7", "node8", 
    "node9", "node10", "node11", "node12", "node13", "node14", 
    "node15", "node16", "node17", "node18", "node19", "node20", 
    "node21", "node22", "node23", "node24", "node25", "node26", 
    "node27", "node28", "node29", "node30", "node31", "node32", 
    "node33", "node34", "node35", "node36", "node37", "node38", 
    "node39", "node40", "node41", "node42", "node43", "node44", 
    "node45", "node46", "node47", "node48", "node49", "node50", 
    "node51", "node52", "node53", "node54", "node55", "node56"
    ))), .Names = c("Mver", "xver", "Mhor", "xhor", "Mrot", "mcdonalds", 
"celtic", "indep"))), .Names = c("minsymvec", "overunderobj", 
"symobj"), class = "knot")
