`ochiai` <-	
structure(list(minsymvec = structure(c(116.591400634423, 89.5699500098961, 
11.7521349671538, -204.145763945291, -328.961025517847, -139.86527638915, 
247.536027933009, 231.893537071955, 62.7233692130158, -23.2541295818173, 
-91.3045281053949, 3.98235597546881, 56.0855674071505, -34.5055036232336, 
-91.6918732369622, -242.398916433628, -376.375666288441, -279.459306565178, 
-60.7328225180289, 138.351261194012, 322.252234472424, 7.90414257815721, 
-104.927589209602, -166.374316342067, -165.892706020292, 32.2767233542132, 
8.88067151086998, -124.30438717144, -319.36107890072, -197.422144154339, 
57.8075361338242, 201.377986897391, -86.0934172307482, -104.20817928474, 
-64.4296668553584, 82.8143255265257, 136.516310032404, 40.2063297612985, 
-97.862892767919, -150.960631521267, -235.88178992462, -109.023662736968, 
4.30031862869257, 48.668887253274, 51.4905259322595, -146.077407081692, 
-232.399723207495, -125.328397348597, 52.4667360480502, 226.423676201988, 
358.485156523803, 100.96401538639, 67.0734808533997, -91.0425592758998, 
-241.75587756498, -266.259669568258, 295.576614489979, 171.788102607599, 
39.3868523393457, -58.3526510979003, -64.551993217576, 28.1487470181751, 
28.1878100677272, -45.4855172537498, -143.556830321028, -300.673181644195, 
-351.103860662671, -230.142074661066, -16.3285926100573, 194.061684731979, 
216.947253433754, -30.5734162777623, -132.671719868855, -161.903489627669, 
-119.715733204558, 108.898041823714, -50.5189148954886, -180.189123600999, 
-301.66102795854, -103.565107562099, 137.439554469323, 175.940684395166, 
79.9099554876877, -103.713221681518, -94.6708456428539, -16.5082252122534, 
110.98848265338, 110.42264273938, -11.7163147888453, -108.279703460962, 
-179.575171133557, -206.405251543127, -57.2725378282286, 17.7358576150288, 
50.5589837567381, -0.161865643816299, -236.271923545665, -198.8506721152, 
-57.7469448234596, 119.494188408116, 276.319791521763, 281.736177820559
), .Names = c("handle_A1", "handle_A2", "handle_A3", "handle_A4", 
"handle_A5", "handle_A6", "handle_A7", "handle_A8", "handle_A9", 
"handle_A10", "handle_A11", "handle_A12", "handle_A13", "handle_A14", 
"handle_A15", "handle_A16", "handle_A17", "handle_A18", "handle_A19", 
"handle_A20", "handle_A21", "handle_A22", "handle_A23", "handle_A24", 
"handle_A25", "handle_A26", "handle_A27", "handle_A28", "handle_A29", 
"handle_A30", "handle_A31", "handle_A33", "handle_A34", "handle_A35", 
"handle_A36", "handle_A37", "handle_A38", "handle_A39", "handle_A40", 
"handle_A41", "handle_A42", "handle_A43", "handle_A44", "handle_A45", 
"handle_A46", "handle_A47", "handle_A48", "handle_A49", "handle_A50", 
"handle_A51", "handle_A52", "node1", "node2", "node3", "node4", 
"node5", "node7", "node8", "node9", "node10", "node11", "node12", 
"node13", "node14", "node15", "node16", "node17", "node18", "node19", 
"node20", "node21", "node22", "node23", "node24", "node25", "node26", 
"node27", "node28", "node29", "node30", "node31", "node32", "node33", 
"node34", "node35", "node36", "node37", "node38", "node39", "node40", 
"node41", "node42", "node43", "node44", "node45", "node46", "node47", 
"node48", "node49", "node50", "node51", "node52"), class = "minsymvec"), 
    overunderobj = structure(c(7, 1, 2, 22, 16, 5, 25, 8, 10, 
    19, 13, 15, 24, 1, 20, 9, 3, 4, 18, 6, 21, 14, 11, 20, 23, 
    19), .Dim = c(13L, 2L)), symobj = structure(list(Mver = NULL, 
        xver = 6, Mhor = NULL, xhor = NULL, Mrot = NULL, exact_h = NULL, 
        exact_v = NULL, mcdonalds = FALSE, celtic = FALSE, reefknot = FALSE, 
        center_crossing = FALSE, indep = structure(c(TRUE, TRUE, 
        TRUE, TRUE, TRUE, TRUE, TRUE, TRUE, TRUE, TRUE, TRUE, 
        TRUE, TRUE, TRUE, TRUE, TRUE, TRUE, TRUE, TRUE, TRUE, 
        TRUE, TRUE, TRUE, TRUE, TRUE, TRUE, TRUE, TRUE, TRUE, 
        TRUE, TRUE, FALSE, TRUE, TRUE, TRUE, TRUE, TRUE, TRUE, 
        TRUE, TRUE, TRUE, TRUE, TRUE, TRUE, TRUE, TRUE, TRUE, 
        TRUE, TRUE, TRUE, TRUE, TRUE, TRUE, TRUE, TRUE, TRUE, 
        TRUE, FALSE, TRUE, TRUE, TRUE, TRUE, TRUE, TRUE, TRUE, 
        TRUE, TRUE, TRUE, TRUE, TRUE, TRUE, TRUE, TRUE, TRUE, 
        TRUE, TRUE, TRUE, TRUE, TRUE, TRUE, TRUE, TRUE, TRUE, 
        TRUE, TRUE, TRUE, TRUE, TRUE, TRUE, TRUE, TRUE, TRUE, 
        TRUE, TRUE, TRUE, TRUE, TRUE, TRUE, TRUE, TRUE, TRUE, 
        TRUE, TRUE, TRUE), .Names = c("handle_A1", "handle_A2", 
        "handle_A3", "handle_A4", "handle_A5", "handle_A6", "handle_A7", 
        "handle_A8", "handle_A9", "handle_A10", "handle_A11", 
        "handle_A12", "handle_A13", "handle_A14", "handle_A15", 
        "handle_A16", "handle_A17", "handle_A18", "handle_A19", 
        "handle_A20", "handle_A21", "handle_A22", "handle_A23", 
        "handle_A24", "handle_A25", "handle_A26", "handle_A27", 
        "handle_A28", "handle_A29", "handle_A30", "handle_A31", 
        "handle_A32", "handle_A33", "handle_A34", "handle_A35", 
        "handle_A36", "handle_A37", "handle_A38", "handle_A39", 
        "handle_A40", "handle_A41", "handle_A42", "handle_A43", 
        "handle_A44", "handle_A45", "handle_A46", "handle_A47", 
        "handle_A48", "handle_A49", "handle_A50", "handle_A51", 
        "handle_A52", "node1", "node2", "node3", "node4", "node5", 
        "node6", "node7", "node8", "node9", "node10", "node11", 
        "node12", "node13", "node14", "node15", "node16", "node17", 
        "node18", "node19", "node20", "node21", "node22", "node23", 
        "node24", "node25", "node26", "node27", "node28", "node29", 
        "node30", "node31", "node32", "node33", "node34", "node35", 
        "node36", "node37", "node38", "node39", "node40", "node41", 
        "node42", "node43", "node44", "node45", "node46", "node47", 
        "node48", "node49", "node50", "node51", "node52"))), .Names = c("Mver", 
    "xver", "Mhor", "xhor", "Mrot", "exact_h", "exact_v", "mcdonalds", 
    "celtic", "reefknot", "center_crossing", "indep"))), .Names = c("minsymvec", 
"overunderobj", "symobj"), class = "knot")
