`perko_A` <-
structure(list(minsymvec = structure(c(-110.426182819002, -216.09263202467, 
-188.904159590391, -139.320509507617, 59.5504636432779, -123.868678345531, 
-99.5162495443324, -275.120020457209, -358.037244932751, -164.373277099274, 
-3.39557623440621, -154.065459083903, -223.376846381262, -35.4094364611269, 
1.25174726608686, -498.772924986435, -620.665541607841, -750.518257897118, 
-800.903469945514, -491.253093502614, -309.162246952554, -150.276867035004, 
-425.954228697914, -604.93530898291, -387.238784276427, -332.78575852014, 
-130.855541266713, -401.717278756942, -149.070548256798, -216.459858895384, 
-182.782809868495, -75.3475091528296, -134.3871376293, -133.166035562464, 
-331.090312552765, -296.085551663284, -81.7851760659275, -63.4527932192714, 
-194.266707950064, -164.995789806881, -49.2571039247013, -540.617718518012, 
-670.72255869226, -756.82714609225, -789.342976108158, -533.585880904845, 
-410.167622776915, -236.376145240361, -232.693003033753, -504.705597290042, 
-672.276291384057, -351.943940870255, -274.242498758249, -75.2024417115269, 
-12.4556874136122, -446.099601886652), .Names = c("handle_A1", 
"handle_A2", "handle_A3", "handle_A4", "handle_A10", "handle_A11", 
"handle_A12", "handle_A13", "handle_A14", "handle_A15", "handle_A21", 
"handle_A22", "handle_A23", "handle_A24", "handle_A28", "handle_A29", 
"handle_A30", "handle_A31", "handle_A32", "handle_A39", "handle_A40", 
"handle_A41", "handle_A42", "handle_A43", "handle_A49", "handle_A50", 
"handle_A51", "handle_A56", "node1", "node2", "node3", "node4", 
"node11", "node12", "node13", "node14", "node15", "node21", "node22", 
"node23", "node28", "node29", "node30", "node31", "node32", "node38", 
"node39", "node40", "node41", "node42", "node43", "node49", "node50", 
"node51", "node52", "node56"), class = "minsymvec"), overunderobj = structure(c(26, 
9, 21, 1, 15, 5, 19, 10, 12, 23, 8, 27, 28, 11, 2, 16, 6, 20, 
22, 13), .Dim = c(10L, 2L)), symobj = structure(list(Mver = structure(c(23, 
12, 13, 14, 22, 21, 28, 11, 1, 2, 3, 15, 4, 25, 8, 7, 6, 26, 
27, 20, 9, 19, 18, 17, 5, 16), .Dim = c(13L, 2L)), xver = c(10, 
24), Mhor = NULL, xhor = NULL, Mrot = NULL, exact_h = NULL, exact_v = NULL, 
    mcdonalds = FALSE, celtic = FALSE, reefknot = FALSE, center_crossing = FALSE, 
    indep = structure(c(TRUE, TRUE, TRUE, TRUE, FALSE, FALSE, 
    FALSE, FALSE, FALSE, TRUE, TRUE, TRUE, TRUE, TRUE, TRUE, 
    FALSE, FALSE, FALSE, FALSE, FALSE, TRUE, TRUE, TRUE, TRUE, 
    FALSE, FALSE, FALSE, TRUE, TRUE, TRUE, TRUE, TRUE, FALSE, 
    FALSE, FALSE, FALSE, FALSE, FALSE, TRUE, TRUE, TRUE, TRUE, 
    TRUE, FALSE, FALSE, FALSE, FALSE, FALSE, TRUE, TRUE, TRUE, 
    FALSE, FALSE, FALSE, FALSE, TRUE, TRUE, TRUE, TRUE, TRUE, 
    FALSE, FALSE, FALSE, FALSE, FALSE, FALSE, TRUE, TRUE, TRUE, 
    TRUE, TRUE, FALSE, FALSE, FALSE, FALSE, FALSE, TRUE, TRUE, 
    TRUE, FALSE, FALSE, FALSE, FALSE, TRUE, TRUE, TRUE, TRUE, 
    TRUE, FALSE, FALSE, FALSE, FALSE, FALSE, TRUE, TRUE, TRUE, 
    TRUE, TRUE, TRUE, FALSE, FALSE, FALSE, FALSE, FALSE, TRUE, 
    TRUE, TRUE, TRUE, FALSE, FALSE, FALSE, TRUE), .Names = c("handle_A1", 
    "handle_A2", "handle_A3", "handle_A4", "handle_A5", "handle_A6", 
    "handle_A7", "handle_A8", "handle_A9", "handle_A10", "handle_A11", 
    "handle_A12", "handle_A13", "handle_A14", "handle_A15", "handle_A16", 
    "handle_A17", "handle_A18", "handle_A19", "handle_A20", "handle_A21", 
    "handle_A22", "handle_A23", "handle_A24", "handle_A25", "handle_A26", 
    "handle_A27", "handle_A28", "handle_A29", "handle_A30", "handle_A31", 
    "handle_A32", "handle_A33", "handle_A34", "handle_A35", "handle_A36", 
    "handle_A37", "handle_A38", "handle_A39", "handle_A40", "handle_A41", 
    "handle_A42", "handle_A43", "handle_A44", "handle_A45", "handle_A46", 
    "handle_A47", "handle_A48", "handle_A49", "handle_A50", "handle_A51", 
    "handle_A52", "handle_A53", "handle_A54", "handle_A55", "handle_A56", 
    "node1", "node2", "node3", "node4", "node5", "node6", "node7", 
    "node8", "node9", "node10", "node11", "node12", "node13", 
    "node14", "node15", "node16", "node17", "node18", "node19", 
    "node20", "node21", "node22", "node23", "node24", "node25", 
    "node26", "node27", "node28", "node29", "node30", "node31", 
    "node32", "node33", "node34", "node35", "node36", "node37", 
    "node38", "node39", "node40", "node41", "node42", "node43", 
    "node44", "node45", "node46", "node47", "node48", "node49", 
    "node50", "node51", "node52", "node53", "node54", "node55", 
    "node56"))), .Names = c("Mver", "xver", "Mhor", "xhor", "Mrot", 
"exact_h", "exact_v", "mcdonalds", "celtic", "reefknot", "center_crossing", 
"indep"))), .Names = c("minsymvec", "overunderobj", "symobj"), class = "knot")
