`perko_B` <-	
structure(list(minsymvec = structure(c(-110.676504994385, -180.461595008215, 
-199.933987384623, -255.988873409934, -103.677007230378, 78.1944832605745, 
26.5250932752938, -90.5443981392827, -70.9661228028478, 131.697180429931, 
331.040089406029, 342.940699833407, 290.452200265497, 127.875360881221, 
113.287205514314, 10.8324115236491, -101.211502039495, -279.11359096251, 
-371.734625311797, -391.827204773656, -150.49206128297, -35.9268081382588, 
-69.7661612971649, -68.2421643638441, 121.38164005558, 300.312689586319, 
281.06886557585, 66.0559215718052, 211.876561229876, 111.547347372874, 
-14.7821766620188, -288.614463508266, -487.75507284901, -324.074506741915, 
-181.004852881126, -113.020678733112, 49.1269602205044, 52.1081060754447, 
94.8100404005492, 253.611286731335, 312.281405576594, 201.692808667849, 
26.006416237932, -202.946587029875, -255.143599450092, -248.359173991832, 
-121.153370391757, 3.88525235611115, 97.3871702716832, 7.91588515893359, 
-118.840017581816, -289.180853909622, -367.556962941748, -189.866180184401, 
99.2791166474371, -137.31463868129, -198.076251833829, -217.788082390167, 
-223.214758605123, -13.8394082542066, 65.8769496558019, -14.9541790585213, 
-101.548010624866, 16.1025559130983, 199.75493160781, 353.366684073285, 
336.381868377848, 222.665929187244, 117.039920625176, 92.5073746833231, 
-23.1401814533363, -166.826334868556, -320.710260626522, -374.21238250936, 
-312.731289170104, -113.82010410717, -39.1104195529629, -80.7006472441972, 
-10.7654769294743, 189.591019064417, 306.60836852607, 217.600970471313, 
179.978528554695, -2.75099864466725, -130.735150891792, -359.916325802622, 
-452.293569703631, -269.080880442906, -149.100261525162, -60.6022496701495, 
57.3398247335546, 57.155056994602, 154.434797724632, 261.167607403687, 
291.033042157506, 140.527221904186, -70.4642771992525, -220.525470661518, 
-254.215786579933, -209.071165748553, -106.46820912403, 70.7230810113611, 
73.7895234171634, -52.8558117375521, -177.159318415049, -321.664151270303, 
-321.391898296641, -88.9236001488486, 160.549344358738, 244.966477151033
), .Names = c("handle_A1", "handle_A2", "handle_A3", "handle_A4", 
"handle_A5", "handle_A6", "handle_A7", "handle_A8", "handle_A9", 
"handle_A10", "handle_A11", "handle_A12", "handle_A13", "handle_A14", 
"handle_A15", "handle_A16", "handle_A17", "handle_A18", "handle_A19", 
"handle_A20", "handle_A21", "handle_A22", "handle_A23", "handle_A24", 
"handle_A25", "handle_A26", "handle_A27", "handle_A28", "handle_A29", 
"handle_A30", "handle_A31", "handle_A32", "handle_A33", "handle_A34", 
"handle_A35", "handle_A36", "handle_A37", "handle_A38", "handle_A39", 
"handle_A40", "handle_A41", "handle_A42", "handle_A43", "handle_A44", 
"handle_A45", "handle_A46", "handle_A47", "handle_A48", "handle_A49", 
"handle_A50", "handle_A51", "handle_A52", "handle_A53", "handle_A54", 
"handle_A55", "node1", "node2", "node3", "node4", "node5", "node6", 
"node7", "node8", "node9", "node10", "node11", "node12", "node13", 
"node14", "node15", "node16", "node17", "node18", "node19", "node20", 
"node21", "node22", "node23", "node24", "node25", "node26", "node27", 
"node29", "node30", "node31", "node32", "node33", "node34", "node35", 
"node36", "node37", "node38", "node39", "node40", "node41", "node42", 
"node43", "node44", "node45", "node46", "node47", "node48", "node49", 
"node50", "node51", "node52", "node53", "node54", "node55", "node56"
), class = "minsymvec"), overunderobj = structure(c(14, 27, 6, 
24, 8, 22, 2, 18, 16, 10, 28, 11, 25, 17, 23, 9, 21, 4, 7, 15
), .Dim = c(10L, 2L)), symobj = structure(list(Mver = NULL, xver = 28, 
    Mhor = NULL, xhor = NULL, Mrot = NULL, exact_h = NULL, exact_v = NULL, 
    mcdonalds = FALSE, celtic = FALSE, reefknot = FALSE, center_crossing = FALSE, 
    indep = structure(c(TRUE, TRUE, TRUE, TRUE, TRUE, TRUE, TRUE, 
    TRUE, TRUE, TRUE, TRUE, TRUE, TRUE, TRUE, TRUE, TRUE, TRUE, 
    TRUE, TRUE, TRUE, TRUE, TRUE, TRUE, TRUE, TRUE, TRUE, TRUE, 
    TRUE, TRUE, TRUE, TRUE, TRUE, TRUE, TRUE, TRUE, TRUE, TRUE, 
    TRUE, TRUE, TRUE, TRUE, TRUE, TRUE, TRUE, TRUE, TRUE, TRUE, 
    TRUE, TRUE, TRUE, TRUE, TRUE, TRUE, TRUE, TRUE, FALSE, TRUE, 
    TRUE, TRUE, TRUE, TRUE, TRUE, TRUE, TRUE, TRUE, TRUE, TRUE, 
    TRUE, TRUE, TRUE, TRUE, TRUE, TRUE, TRUE, TRUE, TRUE, TRUE, 
    TRUE, TRUE, TRUE, TRUE, TRUE, TRUE, FALSE, TRUE, TRUE, TRUE, 
    TRUE, TRUE, TRUE, TRUE, TRUE, TRUE, TRUE, TRUE, TRUE, TRUE, 
    TRUE, TRUE, TRUE, TRUE, TRUE, TRUE, TRUE, TRUE, TRUE, TRUE, 
    TRUE, TRUE, TRUE, TRUE, TRUE), .Names = c("handle_A1", "handle_A2", 
    "handle_A3", "handle_A4", "handle_A5", "handle_A6", "handle_A7", 
    "handle_A8", "handle_A9", "handle_A10", "handle_A11", "handle_A12", 
    "handle_A13", "handle_A14", "handle_A15", "handle_A16", "handle_A17", 
    "handle_A18", "handle_A19", "handle_A20", "handle_A21", "handle_A22", 
    "handle_A23", "handle_A24", "handle_A25", "handle_A26", "handle_A27", 
    "handle_A28", "handle_A29", "handle_A30", "handle_A31", "handle_A32", 
    "handle_A33", "handle_A34", "handle_A35", "handle_A36", "handle_A37", 
    "handle_A38", "handle_A39", "handle_A40", "handle_A41", "handle_A42", 
    "handle_A43", "handle_A44", "handle_A45", "handle_A46", "handle_A47", 
    "handle_A48", "handle_A49", "handle_A50", "handle_A51", "handle_A52", 
    "handle_A53", "handle_A54", "handle_A55", "handle_A56", "node1", 
    "node2", "node3", "node4", "node5", "node6", "node7", "node8", 
    "node9", "node10", "node11", "node12", "node13", "node14", 
    "node15", "node16", "node17", "node18", "node19", "node20", 
    "node21", "node22", "node23", "node24", "node25", "node26", 
    "node27", "node28", "node29", "node30", "node31", "node32", 
    "node33", "node34", "node35", "node36", "node37", "node38", 
    "node39", "node40", "node41", "node42", "node43", "node44", 
    "node45", "node46", "node47", "node48", "node49", "node50", 
    "node51", "node52", "node53", "node54", "node55", "node56"
    ))), .Names = c("Mver", "xver", "Mhor", "xhor", "Mrot", "exact_h", 
"exact_v", "mcdonalds", "celtic", "reefknot", "center_crossing", 
"indep"))), .Names = c("minsymvec", "overunderobj", "symobj"), class = "knot")
