`pretzel_p3_p5_p7_m3_m5` <- 
structure(list(minsymvec = structure(c(-188.502291767014, -113.796027331774, 
-0.924050345865145, -83.92788058312, -198.600261211481, -223.641022337899, 
-211.137169981923, -136.410866420322, -80.5088365297592, -0.511752761230992, 
-132.852883535524, -137.744251711299, -185.155179506445, -79.7073017687019, 
-9.24454873796056, -118.854091427553, -142.074333292815, -153.002663760209, 
-88.5210755421545, 3.59546911324271, -82.1068191619793, -136.146422491121, 
-241.615218644581, -189.349170049009, -106.51900383638, -0.583362325028599, 
-84.3837110429451, -181.863734309722, -243.3066155674, -287.264551357271, 
-615.228026659241, -616.634222185146, -451.999489519617, -483.290800138091, 
-469.877109197058, -428.70656331026, -351.408308198231, -356.915630547395, 
-304.272007473335, -224.968181762343, -190.893705760818, -182.019330944018, 
-69.3105201557354, -85.886078754826, -705.903055701689, -631.157463711395, 
-579.726319316701, -461.062396458333, -486.239798430976, -313.470081299393, 
-305.7351862496, -356.777793429521, -359.276391100428, -250.052970106347, 
-176.888469265773, -40.1686363111018, -73.4376810948859, -115.815179245865, 
-162.765238056454, -385.696735824959, -157.817836307825, -54.2873906599613, 
-45.476839971657, -126.410501181224, -207.372753130826, -223.991363422324, 
-176.962467766833, -105.484842470858, -42.753898081355, -55.1038288556096, 
-140.713685199214, -155.056102193518, -138.633248961575, -36.9632378156773, 
-70.568182645832, -138.178605222744, -160.362753319864, -120.825865297152, 
-45.0339236457809, -35.3209785097589, -113.790040142187, -168.715003786759, 
-233.013943275746, -158.779385568551, -51.9433317561761, -44.5375121791508, 
-125.317798604188, -204.989261837683, -263.933986430029, -259.807762467719, 
-625.297888448745, -636.126679537034, -453.653498649892, -494.509258707031, 
-457.341064824373, -407.965475218653, -344.65441378997, -345.991933169376, 
-293.395312925887, -229.576463249149, -176.585373612966, -150.409247639544, 
-56.8806517338015, -75.9520522250385, -684.578395817055, -588.112322188057, 
-538.411097366162, -460.882635450433, -487.979402977681, -322.263974185498, 
-319.127178429393, -373.179165810318, -316.743367459425, -226.617177315249, 
-182.216680756232, -41.2407896475824, -96.6507016170021, -132.675441459411, 
-223.085977672309, -482.620736770606), .Names = c("handle_A1", 
"handle_A2", "handle_A8", "handle_A9", "handle_A10", "handle_A11", 
"handle_A12", "handle_A13", "handle_A14", "handle_A21", "handle_A22", 
"handle_A23", "handle_A24", "handle_A25", "handle_A33", "handle_A34", 
"handle_A35", "handle_A36", "handle_A37", "handle_A45", "handle_A46", 
"handle_A47", "handle_A48", "handle_A49", "handle_A50", "handle_A56", 
"handle_A57", "handle_A58", "handle_A59", "handle_A60", "handle_A61", 
"handle_A62", "handle_A68", "handle_A69", "handle_A70", "handle_A71", 
"handle_A72", "handle_A73", "handle_A74", "handle_A81", "handle_A82", 
"handle_A83", "handle_A84", "handle_A85", "handle_A93", "handle_A94", 
"handle_A95", "handle_A96", "handle_A97", "handle_A105", "handle_A106", 
"handle_A107", "handle_A108", "handle_A109", "handle_A110", "handle_A116", 
"handle_A117", "handle_A118", "handle_A119", "handle_A120", "node1", 
"node2", "node8", "node9", "node10", "node11", "node12", "node13", 
"node14", "node21", "node22", "node23", "node24", "node25", "node33", 
"node34", "node35", "node36", "node37", "node45", "node46", "node47", 
"node48", "node49", "node50", "node56", "node57", "node58", "node59", 
"node60", "node61", "node62", "node68", "node69", "node70", "node71", 
"node72", "node73", "node74", "node81", "node82", "node83", "node84", 
"node85", "node93", "node94", "node95", "node96", "node97", "node105", 
"node106", "node107", "node108", "node109", "node110", "node116", 
"node117", "node118", "node119", "node120"), class = "minsymvec"), 
    overunderobj = structure(c(58, 25, 56, 27, 54, 22, 51, 20, 
    48, 13, 46, 15, 44, 17, 42, 36, 9, 38, 7, 40, 2, 33, 4, 24, 
    57, 26, 55, 28, 50, 21, 52, 12, 47, 14, 45, 16, 43, 18, 10, 
    37, 8, 39, 6, 34, 3, 32), .Dim = c(23L, 2L)), symobj = structure(list(
        Mver = structure(c(58, 24, 56, 23, 57, 25, 59, 60, 22, 
        50, 21, 49, 48, 12, 46, 14, 47, 13, 45, 11, 10, 36, 8, 
        9, 37, 35, 34, 2, 1, 33, 28, 54, 26, 53, 27, 55, 29, 
        30, 52, 20, 51, 19, 18, 42, 16, 44, 17, 43, 15, 41, 40, 
        6, 38, 39, 7, 5, 4, 32, 31, 3), .Dim = c(30L, 2L)), xver = NULL, 
        Mhor = NULL, xhor = NULL, Mrot = NULL, mcdonalds = TRUE, 
        celtic = FALSE, indep = structure(c(TRUE, TRUE, FALSE, 
        FALSE, FALSE, FALSE, FALSE, TRUE, TRUE, TRUE, TRUE, TRUE, 
        TRUE, TRUE, FALSE, FALSE, FALSE, FALSE, FALSE, FALSE, 
        TRUE, TRUE, TRUE, TRUE, TRUE, FALSE, FALSE, FALSE, FALSE, 
        FALSE, FALSE, FALSE, TRUE, TRUE, TRUE, TRUE, TRUE, FALSE, 
        FALSE, FALSE, FALSE, FALSE, FALSE, FALSE, TRUE, TRUE, 
        TRUE, TRUE, TRUE, TRUE, FALSE, FALSE, FALSE, FALSE, FALSE, 
        TRUE, TRUE, TRUE, TRUE, TRUE, TRUE, TRUE, FALSE, FALSE, 
        FALSE, FALSE, FALSE, TRUE, TRUE, TRUE, TRUE, TRUE, TRUE, 
        TRUE, FALSE, FALSE, FALSE, FALSE, FALSE, FALSE, TRUE, 
        TRUE, TRUE, TRUE, TRUE, FALSE, FALSE, FALSE, FALSE, FALSE, 
        FALSE, FALSE, TRUE, TRUE, TRUE, TRUE, TRUE, FALSE, FALSE, 
        FALSE, FALSE, FALSE, FALSE, FALSE, TRUE, TRUE, TRUE, 
        TRUE, TRUE, TRUE, FALSE, FALSE, FALSE, FALSE, FALSE, 
        TRUE, TRUE, TRUE, TRUE, TRUE, TRUE, TRUE, FALSE, FALSE, 
        FALSE, FALSE, FALSE, TRUE, TRUE, TRUE, TRUE, TRUE, TRUE, 
        TRUE, FALSE, FALSE, FALSE, FALSE, FALSE, FALSE, TRUE, 
        TRUE, TRUE, TRUE, TRUE, FALSE, FALSE, FALSE, FALSE, FALSE, 
        FALSE, FALSE, TRUE, TRUE, TRUE, TRUE, TRUE, FALSE, FALSE, 
        FALSE, FALSE, FALSE, FALSE, FALSE, TRUE, TRUE, TRUE, 
        TRUE, TRUE, TRUE, FALSE, FALSE, FALSE, FALSE, FALSE, 
        TRUE, TRUE, TRUE, TRUE, TRUE, TRUE, TRUE, FALSE, FALSE, 
        FALSE, FALSE, FALSE, TRUE, TRUE, TRUE, TRUE, TRUE, TRUE, 
        TRUE, FALSE, FALSE, FALSE, FALSE, FALSE, FALSE, TRUE, 
        TRUE, TRUE, TRUE, TRUE, FALSE, FALSE, FALSE, FALSE, FALSE, 
        FALSE, FALSE, TRUE, TRUE, TRUE, TRUE, TRUE, FALSE, FALSE, 
        FALSE, FALSE, FALSE, FALSE, FALSE, TRUE, TRUE, TRUE, 
        TRUE, TRUE, TRUE, FALSE, FALSE, FALSE, FALSE, FALSE, 
        TRUE, TRUE, TRUE, TRUE, TRUE),