`pretzel_2_3_7_90deg_crossing` <-	
structure(list(minsymvec = structure(c(handle_A8 = 10.3604017193662, 
handle_A9 = -132.569960181383, handle_A10 = -285.42650137133, 
handle_A11 = -398.755219478036, handle_A12 = -225.889473253177, 
handle_A13 = -127.964694475681, handle_A18 = -30.3814668501476, 
handle_A19 = -119.901626505372, handle_A20 = -134.934343680015, 
handle_A21 = -138.6400384518, handle_A28 = -4.87214710264067, 
handle_A29 = -113.274871932994, handle_A30 = -270.131520799323, 
handle_A31 = -360.169270236845, handle_A32 = -414.408239477545, 
handle_A33 = -442.630259240789, handle_A34 = -256.151515248049, 
handle_A35 = -131.062426165227, handle_A43 = -298.079891941565, 
handle_A44 = -299.287569556081, handle_A45 = -381.39535767221, 
handle_A46 = -283.348147541484, handle_A47 = -109.917512272203, 
handle_A48 = -11.0460370714111, handle_A53 = 280.799629273817, 
handle_A54 = 169.771262199494, handle_A55 = 84.1272994942602, 
handle_A56 = -71.424500127508, handle_A63 = -245.466546357076, 
handle_A64 = -345.83214337976, handle_A65 = -338.95702922994, 
handle_A66 = -256.358016246429, handle_A67 = -170.944608798314, 
handle_A68 = -46.4183236484603, handle_A69 = 158.054323288049, 
node8 = -55.8380097035267, node9 = -202.407693601435, node10 = -335.447748448183, 
node11 = -292.86133913114, node12 = -208.813938175013, node13 = -59.509014424013, 
node18 = -76.7003214145202, node19 = -128.989800644756, node20 = -139.390669236081, 
node21 = -68.1718052106521, node28 = -76.2569198159852, node29 = -183.678596939948, 
node30 = -307.444764500285, node31 = -384.145004884986, node32 = -417.902800195931, 
node33 = -370.222108585524, node34 = -187.245029265884, node43 = -325.146956345571, 
node44 = -313.420710862029, node45 = -358.653855707972, node46 = -177.109131846969, 
node47 = -92.7886254512104, node48 = -24.1251689877095, node53 = 244.358540070333, 
node54 = 116.299084299539, node55 = 47.5179207857417, node56 = -80.998338322455, 
node63 = -265.218473050453, node64 = -375.454837586812, node65 = -293.067198451293, 
node66 = -226.656996961286, node67 = -155.823926828251, node68 = 45.0499349496962, 
node69 = 169.793981657047, node70 = 159.409110144439), class = "minsymvec"), 
    overunderobj = structure(c(1, 5, 26, 7, 28, 9, 30, 11, 21, 
    14, 23, 19, 17, 25, 6, 27, 8, 29, 10, 31, 13, 22, 15, 35), .Dim = c(12L, 
    2L)), symobj = list(Mver = structure(c(18, 34, 33, 32, 31, 
    19, 20, 13, 21, 12, 11, 30, 10, 9, 29, 28, 8, 17, 1, 2, 3, 
    4, 16, 15, 22, 14, 23, 24, 5, 25, 26, 6, 7, 27), .Dim = c(17L, 
    2L)), xver = 35, Mhor = NULL, xhor = NULL, Mrot = NULL, exact_h = NULL, 
        exact_v = NULL, mcdonalds = FALSE, celtic = FALSE, reefknot = FALSE, 
        center_crossing = FALSE, indep = c(handle_A1 = FALSE, 
        handle_A2 = FALSE, handle_A3 = FALSE, handle_A4 = FALSE, 
        handle_A5 = FALSE, handle_A6 = FALSE, handle_A7 = FALSE, 
        handle_A8 = TRUE, handle_A9 = TRUE, handle_A10 = TRUE, 
        handle_A11 = TRUE, handle_A12 = TRUE, handle_A13 = TRUE, 
        handle_A14 = FALSE, handle_A15 = FALSE, handle_A16 = FALSE, 
        handle_A17 = FALSE, handle_A18 = TRUE, handle_A19 = TRUE, 
        handle_A20 = TRUE, handle_A21 = TRUE, handle_A22 = FALSE, 
        handle_A23 = FALSE, handle_A24 = FALSE, handle_A25 = FALSE, 
        handle_A26 = FALSE, handle_A27 = FALSE, handle_A28 = TRUE, 
        handle_A29 = TRUE, handle_A30 = TRUE, handle_A31 = TRUE, 
        handle_A32 = TRUE, handle_A33 = TRUE, handle_A34 = TRUE, 
        handle_A35 = TRUE, handle_A36 = FALSE, handle_A37 = FALSE, 
        handle_A38 = FALSE, handle_A39 = FALSE, handle_A40 = FALSE, 
        handle_A41 = FALSE, handle_A42 = FALSE, handle_A43 = TRUE, 
        handle_A44 = TRUE, handle_A45 = TRUE, handle_A46 = TRUE, 
        handle_A47 = TRUE, handle_A48 = TRUE, handle_A49 = FALSE, 
        handle_A50 = FALSE, handle_A51 = FALSE, handle_A52 = FALSE, 
        handle_A53 = TRUE, handle_A54 = TRUE, handle_A55 = TRUE, 
        handle_A56 = TRUE, handle_A57 = FALSE, handle_A58 = FALSE, 
        handle_A59 = FALSE, handle_A60 = FALSE, handle_A61 = FALSE, 
        handle_A62 = FALSE, handle_A63 = TRUE, handle_A64 = TRUE, 
        handle_A65 = TRUE, handle_A66 = TRUE, handle_A67 = TRUE, 
        handle_A68 = TRUE, handle_A69 = TRUE, handle_A70 = FALSE, 
        node1 = FALSE, node2 = FALSE, node3 = FALSE, node4 = FALSE, 
        node5 = FALSE, node6 = FALSE, node7 = FALSE, node8 = TRUE, 
        node9 = TRUE, node10 = TRUE, node11 = TRUE, node12 = TRUE, 
        node13 = TRUE, node14 = FALSE, node15 = FALSE, node16 = FALSE, 
        node17 = FALSE, node18 = TRUE, node19 = TRUE, node20 = TRUE, 
        node21 = TRUE, node22 = FALSE, node23 = FALSE, node24 = FALSE, 
        node25 = FALSE, node26 = FALSE, node27 = FALSE, node28 = TRUE, 
        node29 = TRUE, node30 = TRUE, node31 = TRUE, node32 = TRUE, 
        node33 = TRUE, node34 = TRUE, node35 = FALSE, node36 = FALSE, 
        node37 = FALSE, node38 = FALSE, node39 = FALSE, node40 = FALSE, 
        node41 = FALSE, node42 = FALSE, node43 = TRUE, node44 = TRUE, 
        node45 = TRUE, node46 = TRUE, node47 = TRUE, node48 = TRUE, 
        node49 = FALSE, node50 = FALSE, node51 = FALSE, node52 = FALSE, 
        node53 = TRUE, node54 = TRUE, node55 = TRUE, node56 = TRUE, 
        node57 = FALSE, node58 = FALSE, node59 = FALSE, node60 = FALSE, 
        node61 = FALSE, node62 = FALSE, node63 = TRUE, node64 = TRUE, 
        node65 = TRUE, node66 = TRUE, node67 = TRUE, node68 = TRUE, 
        node69 = TRUE, node70 = TRUE))), class = "knot")
