`pretzel_7_3_7_90deg_crossing` <-	
structure(list(minsymvec = structure(c(handle_A1 = -280.945036195543, 
handle_A2 = -266.378075809577, handle_A3 = -130.354144614222, 
handle_A11 = -1.2286040790432, handle_A12 = -109.055095456359, 
handle_A29 = 1.02887291158676, handle_A30 = -112.524945839901, 
handle_A31 = -265.164705426562, handle_A32 = -291.227780005234, 
handle_A33 = -257.84844965779, handle_A49 = -355.118965489733, 
handle_A50 = -347.473265797237, handle_A51 = 126.135724119461, 
handle_A52 = 275.813664805905, handle_A53 = 289.79682395404, 
handle_A61 = 11.5525058152467, handle_A62 = 40.8552066562685, 
handle_A79 = 371.21291738788, handle_A80 = 295.23876508657, handle_A81 = 267.72490285474, 
handle_A82 = 125.084482185937, handle_A83 = 87.4624105144711, 
handle_A98 = -19.051399640684, handle_A99 = 31.0007207010471, 
handle_A100 = 65.7182422134349, node1 = -253.545144598182, node2 = -202.129277803972, 
node3 = -60.3691750314188, node11 = -38.7866224007121, node12 = -139.432635234692, 
node29 = -70.0328258365324, node30 = -172.835762123115, node31 = -301.901939040689, 
node32 = -261.665752551858, node33 = -223.160094354205, node48 = -357.464419256253, 
node49 = -353.559851273779, node50 = -326.500329786019, node51 = 181.561552114596, 
node52 = 311.223305812506, node53 = 301.460986934692, node61 = 27.786983822564, 
node62 = 28.1142971825969, node79 = 358.593284412388, node80 = 259.299657879343, 
node81 = 213.846626364358, node82 = 91.9790902499831, node83 = 48.8478808043207, 
node99 = 38.0866491501604, node100 = 96.7221852095077), class = "minsymvec"), 
    overunderobj = structure(c(1, 31, 3, 29, 5, 27, 7, 13, 36, 
    9, 15, 45, 17, 43, 19, 41, 21, 32, 2, 30, 4, 28, 6, 26, 34, 
    11, 38, 46, 16, 44, 18, 42, 20, 40), .Dim = c(17L, 2L)), 
    symobj = list(Mver = structure(c(31, 1, 2, 30, 29, 3, 50, 
    49, 48, 47, 46, 32, 33, 12, 11, 34, 35, 13, 14, 45, 15, 16, 
    44, 43, 17, 6, 26, 27, 5, 4, 28, 25, 24, 23, 22, 21, 7, 8, 
    37, 36, 9, 10, 38, 39, 20, 40, 41, 19, 18, 42), .Dim = c(25L, 
    2L)), xver = NULL, Mhor = structure(c(12, 11, 36, 37, 8, 
    7, 6, 26, 27, 5, 4, 28, 29, 3, 2, 30, 31, 1, 50, 49, 33, 
    32, 25, 24, 34, 35, 10, 9, 38, 39, 40, 20, 19, 41, 42, 18, 
    17, 43, 44, 16, 15, 45, 46, 47, 13, 14, 21, 22), .Dim = c(24L, 
    2L)), xhor = c(23, 48), Mrot = NULL, exact_h = NULL, exact_v = NULL, 
        mcdonalds = TRUE, celtic = TRUE, reefknot = FALSE, center_crossing = FALSE, 
        indep = c(handle_A1 = TRUE, handle_A2 = TRUE, handle_A3 = TRUE, 
        handle_A4 = FALSE, handle_A5 = FALSE, handle_A6 = FALSE, 
        handle_A7 = FALSE, handle_A8 = FALSE, handle_A9 = FALSE, 
        handle_A10 = FALSE, handle_A11 = TRUE, handle_A12 = TRUE, 
        handle_A13 = FALSE, handle_A14 = FALSE, handle_A15 = FALSE, 
        handle_A16 = FALSE, handle_A17 = FALSE, handle_A18 = FALSE, 
        handle_A19 = FALSE, handle_A20 = FALSE, handle_A21 = FALSE, 
        handle_A22 = FALSE, handle_A23 = FALSE, handle_A24 = FALSE, 
        handle_A25 = FALSE, handle_A26 = FALSE, handle_A27 = FALSE, 
        handle_A28 = FALSE, handle_A29 = TRUE, handle_A30 = TRUE, 
        handle_A31 = TRUE, handle_A32 = TRUE, handle_A33 = TRUE, 
        handle_A34 = FALSE, handle_A35 = FALSE, handle_A36 = FALSE, 
        handle_A37 = FALSE, handle_A38 = FALSE, handle_A39 = FALSE, 
        handle_A40 = FALSE, handle_A41 = FALSE, handle_A42 = FALSE, 
        handle_A43 = FALSE, handle_A44 = FALSE, handle_A45 = FALSE, 
        handle_A46 = FALSE, handle_A47 = FALSE, handle_A48 = FALSE, 
        handle_A49 = TRUE, handle_A50 = TRUE, handle_A51 = TRUE, 
        handle_A52 = TRUE, handle_A53 = TRUE, handle_A54 = FALSE, 
        handle_A55 = FALSE, handle_A56 = FALSE, handle_A57 = FALSE, 
        handle_A58 = FALSE, handle_A59 = FALSE, handle_A60 = FALSE, 
        handle_A61 = TRUE, handle_A62 = TRUE, handle_A63 = FALSE, 
        handle_A64 = FALSE, handle_A65 = FALSE, handle_A66 = FALSE, 
        handle_A67 = FALSE, handle_A68 = FALSE, handle_A69 = FALSE, 
        handle_A70 = FALSE, handle_A71 = FALSE, handle_A72 = FALSE, 
        handle_A73 = FALSE, handle_A74 = FALSE, handle_A75 = FALSE, 
        handle_A76 = FALSE, handle_A77 = FALSE, handle_A78 = FALSE, 
        handle_A79 = TRUE, handle_A80 = TRUE, handle_A81 = TRUE, 
        handle_A82 = TRUE, handle_A83 = TRUE, handle_A84 = FALSE, 
        handle_A85 = FALSE, handle_A86 = FALSE, handle_A87 = FALSE, 
        handle_A88 = FALSE, handle_A89 = FALSE, handle_A90 = FALSE, 
        handle_A91 = FALSE, handle_A92 = FALSE, handle_A93 = FALSE, 
        handle_A94 = FALSE, handle_A95 = FALSE, handle_A96 = FALSE, 
        handle_A97 = FALSE, handle_A98 = TRUE, handle_A99 = TRUE, 
        handle_A100 = TRUE, node1 = TRUE, node2 = TRUE, node3 = TRUE, 
        node4 = FALSE, node5 = FALSE, node6 = FALSE, node7 = FALSE, 
        node8 = FALSE, node9 = FALSE, node10 = FALSE, node11 = TRUE, 
        node12 = TRUE, node13 = FALSE, node14 = FALSE, node15 = FALSE, 
        node16 = FALSE, node17 = FALSE, node18 = FALSE, node19 = FALSE, 
        node20 = FALSE, node21 = FALSE, node22 = FALSE, node23 = FALSE, 
        node24 = FALSE, node25 = FALSE, node26 = FALSE, node27 = FALSE, 
        node28 = FALSE, node29 = TRUE, node30 = TRUE, node31 = TRUE, 
        node32 = TRUE, node33 = TRUE, node34 = FALSE, node35 = FALSE, 
        node36 = FALSE, node37 = FALSE, node38 = FALSE, node39 = FALSE, 
        node40 = FALSE, node41 = FALSE, node42 = FALSE, node43 = FALSE, 
        node44 = FALSE, node45 = FALSE, node46 = FALSE, node47 = FALSE, 
        node48 = TRUE, node49 = TRUE, node50 = TRUE, node51 = TRUE, 
        node52 = TRUE, node53 = TRUE, node54 = FALSE, node55 = FALSE, 
        node56 = FALSE, node57 = FALSE, node58 = FALSE, node59 = FALSE, 
        node60 = FALSE, node61 = TRUE, node62 = TRUE, node63 = FALSE, 
        node64 = FALSE, node65 = FALSE, node66 = FALSE, node67 = FALSE, 
        node68 = FALSE, node69 = FALSE, node70 = FALSE, node71 = FALSE, 
        node72 = FALSE, node73 = FALSE, node74 = FALSE, node75 = FALSE, 
        node76 = FALSE, node77 = FALSE, node78 = FALSE, node79 = TRUE, 
        node80 = TRUE, node81 = TRUE, node82 = TRUE, node83 = TRUE, 
        node84 = FALSE, node85 = FALSE, node86 = FALSE, node87 = FALSE, 
        node88 = FALSE, node89 = FALSE, node90 = FALSE, node91 = FALSE, 
        node92 = FALSE, node93 = FALSE, node94 = FALSE, node95 = FALSE, 
        node96 = FALSE, node97 = FALSE, node98 = FALSE, node99 = TRUE, 
        node100 = TRUE))), class = "knot")
