`pretzel_p3_p5_p7_m3_m5` <-
structure(list(minsymvec = structure(c(-188.713250437433, -112.922279235586, 
-3.59396799102573, -85.1403189791537, -198.219419001929, -223.206607814318, 
-210.801407305337, -135.117414033363, -76.5640209125912, -2.0285800569667, 
-134.111236496668, -139.993395097938, -183.126505841209, -78.9329003619032, 
-11.5462188338137, -119.877729032504, -142.372259538208, -152.472348843332, 
-86.0478592810373, 1.75962399957541, -83.8490864628051, -138.2572478642, 
-241.173657476957, -189.353804174899, -105.053290846568, -3.55903525964226, 
-85.5929339204657, -181.775664317749, -243.07195383355, -287.348150070556, 
-614.946493494532, -618.303068034562, -451.961217340306, -482.998105429022, 
-469.635070395387, -429.012427475075, -352.648155410382, -354.386256637702, 
-304.677617221716, -223.926328878367, -190.881931140581, -181.413175584546, 
-69.6697374426143, -83.1429023400282, -704.822941049379, -631.177711256275, 
-580.358076962384, -463.81471124146, -484.186289425763, -313.084295707206, 
-309.37428621811, -354.922276337482, -359.281312395951, -249.655513944008, 
-176.937710306146, -40.6133269316903, -72.8521078205851, -116.340077459646, 
-163.256765546472, -385.686578071776, -158.023061578748, -56.7003859996704, 
-42.5949041744866, -127.215648736701, -208.12545992499, -224.525863927352, 
-178.671152159568, -108.718961867999, -45.2272698193681, -54.5435504642716, 
-142.207472236956, -157.897585108299, -140.197183404178, -38.6287012401827, 
-67.5218052790432, -139.130824625609, -160.885321231592, -123.827750614573, 
-46.5493406626309, -35.1110748183699, -110.27467250911, -170.550864173673, 
-232.650183907047, -159.734400400884, -54.3472221049517, -42.2410659123027, 
-127.978056268045, -204.490848670059, -263.866389809292, -259.978593096686, 
-622.773132012629, -639.344071614542, -460.642680477321, -491.781703689855, 
-458.141716366455, -407.346522972162, -348.434170419776, -341.507227063517, 
-300.101219585928, -226.871775926239, -177.818669543111, -152.429594887249, 
-60.4199109139455, -71.1350510063342, -682.451284113657, -587.565916924786, 
-538.1970445533, -462.208675262014, -482.115166707548, -314.308037239846, 
-321.820251197706, -372.746831452183, -316.682964967633, -226.940484015947, 
-186.020456034703, -46.2663218196515, -92.8786149046189, -133.76058805554, 
-223.125759764515, -482.739207209104), .Names = c("handle_A1", 
"handle_A2", "handle_A8", "handle_A9", "handle_A10", "handle_A11", 
"handle_A12", "handle_A13", "handle_A14", "handle_A21", "handle_A22", 
"handle_A23", "handle_A24", "handle_A25", "handle_A33", "handle_A34", 
"handle_A35", "handle_A36", "handle_A37", "handle_A45", "handle_A46", 
"handle_A47", "handle_A48", "handle_A49", "handle_A50", "handle_A56", 
"handle_A57", "handle_A58", "handle_A59", "handle_A60", "handle_A61", 
"handle_A62", "handle_A68", "handle_A69", "handle_A70", "handle_A71", 
"handle_A72", "handle_A73", "handle_A74", "handle_A81", "handle_A82", 
"handle_A83", "handle_A84", "handle_A85", "handle_A93", "handle_A94", 
"handle_A95", "handle_A96", "handle_A97", "handle_A105", "handle_A106", 
"handle_A107", "handle_A108", "handle_A109", "handle_A110", "handle_A116", 
"handle_A117", "handle_A118", "handle_A119", "handle_A120", "node1", 
"node2", "node8", "node9", "node10", "node11", "node12", "node13", 
"node14", "node21", "node22", "node23", "node24", "node25", "node33", 
"node34", "node35", "node36", "node37", "node45", "node46", "node47", 
"node48", "node49", "node50", "node56", "node57", "node58", "node59", 
"node60", "node61", "node62", "node68", "node69", "node70", "node71", 
"node72", "node73", "node74", "node81", "node82", "node83", "node84", 
"node85", "node93", "node94", "node95", "node96", "node97", "node105", 
"node106", "node107", "node108", "node109", "node110", "node116", 
"node117", "node118", "node119", "node120"), class = "minsymvec"), 
    overunderobj = structure(c(58, 25, 56, 27, 54, 22, 51, 20, 
    48, 13, 46, 15, 44, 17, 42, 36, 9, 38, 7, 40, 2, 33, 4, 24, 
    57, 26, 55, 28, 50, 21, 52, 12, 47, 14, 45, 16, 43, 18, 10, 
    37, 8, 39, 6, 34, 3, 32), .Dim = c(23L, 2L)), symobj = structure(list(
        Mver = structure(c(58, 24, 56, 23, 57, 25, 59, 60, 22, 
        50, 21, 49, 48, 12, 46, 14, 47, 13, 45, 11, 10, 36, 8, 
        9, 37, 35, 34, 2, 1, 33, 28, 54, 26, 53, 27, 55, 29, 
        30, 52, 20, 51, 19, 18, 42, 16, 44, 17, 43, 15, 41, 40, 
        6, 38, 39, 7, 5, 4, 32, 31, 3), .Dim = c(30L, 2L)), xver = NULL, 
        Mhor = NULL, xhor = NULL, Mrot = NULL, exact_h = NULL, 
        exact_v = NULL, mcdonalds = TRUE, celtic = FALSE, reefknot = FALSE, 
        center_crossing = FALSE, indep = structure(c(TRUE, TRUE, 
        FALSE, FALSE, FALSE, FALSE, FALSE, TRUE, TRUE, TRUE, 
        TRUE, TRUE, TRUE, TRUE, FALSE, FALSE, FALSE, FALSE, FALSE, 
        FALSE, TRUE, TRUE, TRUE, TRUE, TRUE, FALSE, FALSE, FALSE, 
        FALSE, FALSE, FALSE, FALSE, TRUE, TRUE, TRUE, TRUE, TRUE, 
        FALSE, FALSE, FALSE, FALSE, FALSE, FALSE, FALSE, TRUE, 
        TRUE, TRUE, TRUE, TRUE, TRUE, FALSE, FALSE, FALSE, FALSE, 
        FALSE, TRUE, TRUE, TRUE, TRUE, TRUE, TRUE, TRUE, FALSE, 
        FALSE, FALSE, FALSE, FALSE, TRUE, TRUE, TRUE, TRUE, TRUE, 
        TRUE, TRUE, FALSE, FALSE, FALSE, FALSE, FALSE, FALSE, 
        TRUE, TRUE, TRUE, TRUE, TRUE, FALSE, FALSE, FALSE, FALSE, 
        FALSE, FALSE, FALSE, TRUE, TRUE, TRUE, TRUE, TRUE, FALSE, 
        FALSE, FALSE, FALSE, FALSE, FALSE, FALSE, TRUE, TRUE, 
        TRUE, TRUE, TRUE, TRUE, FALSE, FALSE, FALSE, FALSE, FALSE, 
        TRUE, TRUE, TRUE, TRUE, TRUE, TRUE, TRUE, FALSE, FALSE, 
        FALSE, FALSE, FALSE, TRUE, TRUE, TRUE, TRUE, TRUE, TRUE, 
        TRUE, FALSE, FALSE, FALSE, FALSE, FALSE, FALSE, TRUE, 
        TRUE, TRUE, TRUE, TRUE, FALSE, FALSE, FALSE, FALSE, FALSE, 
        FALSE, FALSE, TRUE, TRUE, TRUE, TRUE, TRUE, FALSE, FALSE, 
        FALSE, FALSE, FALSE, FALSE, FALSE, TRUE, TRUE, TRUE, 
        TRUE, TRUE, TRUE, FALSE, FALSE, FALSE, FALSE, FALSE, 
        TRUE, TRUE, TRUE, TRUE, TRUE, TRUE, TRUE, FALSE, FALSE, 
        FALSE, FALSE, FALSE, TRUE, TRUE, TRUE, TRUE, TRUE, TRUE, 
        TRUE, FALSE, FALSE, FALSE, FALSE, FALSE, FALSE, TRUE, 
        TRUE, TRUE, TRUE, TRUE, FALSE, FALSE, FALSE, FALSE, FALSE, 
        FALSE, FALSE, TRUE, TRUE, TRUE, TRUE, TRUE, FALSE, FALSE, 
        FALSE, FALSE, FALSE, FALSE, FALSE, TRUE, TRUE, TRUE, 
        TRUE, TRUE, TRUE, FALSE, FALSE, FALSE, FALSE, FALSE, 
        TRUE, TRUE, TRUE, TRUE, TRUE),