`satellite` <-	
structure(list(minsymvec = structure(c(130.423115490222, 187.266089286257, 
143.076392015556, 102.379291015908, 75.8607750095131, 3.29957632293238, 
-33.5305193050312, -8.70541566853429, 32.9261727168846, 156.718570746508, 
179.752204603831, 319.68068978577, 157.721716662734, 26.0803867785241, 
-160.759082124555, -230.114093154495, -282.941090493937, -262.026235782433, 
-80.5264818457439, 148.75918709113, 325.24405643051, 257.907535451164, 
195.410253723558, -32.6049511782818, -106.511674846578, -160.296938060519, 
-244.941782038301, -200.634231108326, -107.5553553174, -6.18731493712392, 
29.2590860554296, -24.9786944737576, -212.249990984113, -300.847427317252, 
-269.230705005716, -132.122162056292, -46.5367837307493, 14.7881816789887, 
106.231209387242, 189.678153311216, 258.045855835389, 233.674646190399, 
-79.4212486861281, -124.593208293825, -156.345259028911, -141.753724826613, 
-104.425304190654, 40.0486701186243, -62.6318627314864, -240.164533734205, 
-275.283201689105, -263.369228954028, -201.839200971508, -130.213635450592, 
-196.270002442653, -262.370564428669, -343.274880535662, -334.388004033469, 
-319.695837856608, -178.49765301543, 17.4026699608871, 30.6529609792257, 
-139.839189165826, -207.441011917665, -278.45727379119, -363.510660917927, 
-448.324457864451, -306.560327768628, -173.985837890424, -163.973466461605, 
-251.150998071654, -258.097190359634, -247.006050970768, -178.269429204457, 
-89.8017743877758, -151.420583263488, -177.761620494568, -138.729645237652, 
-0.531547212342477, -24.1773290611655, -89.5530834249054, -265.272960618545, 
-325.661236580416, -336.078325438268, -320.317600906851, -249.690577273869, 
-227.582202198071, -271.109212542916, -375.851481984599, -407.252899084149, 
-393.60804303374, -323.511337341056, -240.096769457885, -145.582564684822, 
-55.5720331445173, 168.353654704847, 173.503842451654, 131.50183747773, 
86.9901525531899, 57.4241042674994, -17.6618968381177, -28.3459639860519, 
3.44164493729608, 76.3863824834385, 159.157028366194, 200.2313236182, 
274.770015638361, 109.356685022697, 2.95465700530129, -187.389398837062, 
-249.925708315306, -280.494464945187, -218.233824429618, 209.337051374148, 
321.271457588785, 234.921817087931, 139.334004951251, -60.6734772788018, 
-113.138850587834, -190.885618353792, -238.77855100947, -167.955990409346, 
-68.3239386660988, 4.64740114350695, 22.0669188592497, -89.7062362157697, 
-225.194826785347, -307.635982460905, -222.618792365819, -95.7079323684917, 
-20.8702463531474, 60.0465040296848, 135.999387451027, 214.205948780963, 
256.436746559903, 126.477388450175, -88.6041830599721, -143.003723884337, 
-151.725511492272, -128.863242991638, -47.3423087988508, 62.36071283686, 
-116.940934643649, -256.976012626936, -273.190203490711, -231.825102019557, 
-169.17778861282, -148.870957673185, -213.793718045495, -284.495366493627, 
-350.563605300431, -332.8362936482, -299.706081025402, -95.7132062325295, 
28.2538841161233, 15.9628361833094, -168.034978308951, -235.684688002897, 
-307.524861572581, -395.056426099695, -461.116554530544, -415.601425735472, 
-244.637208319786, -170.354148520543, -179.586594252426, -256.412888829265, 
-256.765186015493, -226.119064554488, -144.357493157825, -98.9118692752795, 
-170.673513059124, -168.495107718145, -107.658214544884, 8.15380209893293, 
-33.6174480492401, -169.037840521592, -296.194705237466, -329.942984608416, 
-331.644496019378, -289.57357256933, -235.749868147989, -240.844719229477, 
-301.49887992866, -405.718292119899, -404.505080466977, -368.348248296875, 
-288.893925133474, -206.162047034972, -102.213870292324, -56.2425791477709
), .Names = c("handle_A1", "handle_A2", "handle_A3", "handle_A4", 
"handle_A5", "handle_A6", "handle_A7", "handle_A8", "handle_A9", 
"handle_A10", "handle_A11", "handle_A12", "handle_A13", "handle_A14", 
"handle_A15", "handle_A16", "handle_A17", "handle_A18", "handle_A19", 
"handle_A20", "handle_A21", "handle_A22", "handle_A23", "handle_A24", 
"handle_A25", "handle_A26", "handle_A27", "handle_A28", "handle_A29", 
"handle_A30", "handle_A31", "handle_A32", "handle_A33", "handle_A34", 
"handle_A35", "handle_A36", "handle_A37", "handle_A38", "handle_A39", 
"handle_A40", "handle_A41", "handle_A42", "handle_A43", "handle_A44", 
"handle_A45", "handle_A46", "handle_A47", "handle_A48", "handle_A49", 
"handle_A50", "handle_A51", "handle_A52", "handle_A53", "handle_A54", 
"handle_A55", "handle_A56", "handle_A57", "handle_A58", "handle_A59", 
"handle_A60", "handle_A61", "handle_A62", "handle_A63", "handle_A64", 
"handle_A65", "handle_A66", "handle_A68", "handle_A69", "handle_A70", 
"handle_A71", "handle_A72", "handle_A73", "handle_A74", "handle_A75", 
"handle_A76", "handle_A77", "handle_A78", "handle_A79", "handle_A80", 
"handle_A81", "handle_A82", "handle_A83", "handle_A84", "handle_A85", 
"handle_A86", "handle_A87", "handle_A88", "handle_A89", "handle_A90", 
"handle_A91", "handle_A92", "handle_A93", "handle_A94", "handle_A95", 
"handle_A96", "node1", "node2", "node3", "node4", "node5", "node6", 
"node7", "node8", "node9", "node10", "node11", "node12", "node13", 
"node14", "node15", "node16", "node17", "node18", "node20", "node21", 
"node22", "node23", "node24", "node25", "node26", "node27", "node28", 
"node29", "node30", "node31", "node32", "node33", "node34", "node35", 
"node36", "node37", "node38", "node39", "node40", "node41", "node42", 
"node43", "node44", "node45", "node46", "node47", "node48", "node49", 
"node50", "node51", "node52", "node53", "node54", "node55", "node56", 
"node57", "node58", "node59", "node60", "node61", "node62", "node63", 
"node64", "node65", "node66", "node67", "node68", "node69", "node70", 
"node71", "node72", "node73", "node74", "node75", "node76", "node77", 
"node78", "node79", "node80", "node81", "node82", "node83", "node84", 
"node85", "node86", "node87", "node88", "node89", "node90", "node91", 
"node92", "node93", "node94", "node95", "node96"), class = "minsymvec"), 
    overunderobj = structure(c(2, 2, 39, 24, 31, 7, 24, 38, 12, 
    12, 32, 29, 16, 17, 46, 29, 32, 45, 23, 40, 4, 5, 6, 30, 
    8, 9, 41, 22, 15, 15, 27, 35, 26, 47, 48, 36), .Dim = c(18L, 
    2L)), symobj = structure(list(Mver = NULL, xver = 19, Mhor = NULL, 
        xhor = NULL, Mrot = NULL, exact_h = NULL, exact_v = NULL, 
        mcdonalds = FALSE, celtic = FALSE, reefknot = FALSE, 
        center_crossing = FALSE, indep = structure(c(TRUE, TRUE, 
        TRUE, TRUE, TRUE, TRUE, TRUE, TRUE, TRUE, TRUE, TRUE, 
        TRUE, TRUE, TRUE, TRUE, TRUE, TRUE, TRUE, TRUE, TRUE, 
        TRUE, TRUE, TRUE, TRUE, TRUE, TRUE, TRUE, TRUE, TRUE, 
        TRUE, TRUE, TRUE, TRUE, TRUE, TRUE, TRUE, TRUE, TRUE, 
        TRUE, TRUE, TRUE, TRUE, TRUE, TRUE, TRUE, TRUE, TRUE, 
        TRUE, TRUE, TRUE, TRUE, TRUE, TRUE, TRUE, TRUE, TRUE, 
        TRUE, TRUE, TRUE, TRUE, TRUE, TRUE, TRUE, TRUE, TRUE, 
        TRUE, FALSE, TRUE, TRUE, TRUE, TRUE, TRUE, TRUE, TRUE, 
        TRUE, TRUE, TRUE, TRUE, TRUE, TRUE, TRUE, TRUE, TRUE, 
        TRUE, TRUE, TRUE, TRUE, TRUE, TRUE, TRUE, TRUE, TRUE, 
        TRUE, TRUE, TRUE, TRUE, TRUE, TRUE, TRUE, TRUE, TRUE, 
        TRUE, TRUE, TRUE, TRUE, TRUE, TRUE, TRUE, TRUE, TRUE, 
        TRUE, TRUE, TRUE, TRUE, FALSE, TRUE, TRUE, TRUE, TRUE, 
        TRUE, TRUE, TRUE, TRUE, TRUE, TRUE, TRUE, TRUE, TRUE, 
        TRUE, TRUE, TRUE, TRUE, TRUE, TRUE, TRUE, TRUE, TRUE, 
        TRUE, TRUE, TRUE, TRUE, TRUE, TRUE, TRUE, TRUE, TRUE, 
        TRUE, TRUE, TRUE, TRUE, TRUE, TRUE, TRUE, TRUE, TRUE, 
        TRUE, TRUE, TRUE, TRUE, TRUE, TRUE, TRUE, TRUE, TRUE, 
        TRUE, TRUE, TRUE, TRUE, TRUE, TRUE, TRUE, TRUE, TRUE, 
        TRUE, TRUE, TRUE, TRUE, TRUE, TRUE, TRUE, TRUE, TRUE, 
        TRUE, TRUE, TRUE, TRUE, TRUE, TRUE, TRUE, TRUE, TRUE, 
        TRUE),