`satellite` <-
structure(list(minsymvec = structure(c(127.696314332712, 186.941564842505, 
141.998020972765, 100.807416752457, 75.0342292766513, 3.87578197626659, 
-35.1884541054777, -12.105407836588, 34.385172651212, 152.651757902421, 
183.482931951918, 319.22493181422, 153.71475876473, 33.5057802672966, 
-163.183515157754, -233.81725607925, -279.236388447023, -260.413179656809, 
-78.0962807932361, 152.584596252002, 327.083873634209, 248.806133678334, 
192.98700092137, -33.5971416312714, -104.859136417634, -158.163601551069, 
-243.053827854279, -201.720134846826, -103.725935400024, -7.44809846179209, 
31.3178686196265, -26.014948845159, -211.64757476874, -301.86929363925, 
-267.152805373283, -132.792648012061, -43.3677799546586, 17.2211911374576, 
109.322739336356, 192.180997793873, 255.759182321909, 234.122842112439, 
-78.3157227190461, -120.305888457763, -155.385827154485, -143.121037395764, 
-104.279418453672, 41.8791771648145, -63.5585444033098, -239.317106241397, 
-273.357624228459, -263.984522731491, -202.55139009281, -130.219259407081, 
-194.850857022244, -263.76796024875, -339.186490344947, -338.719954441441, 
-324.219592908387, -185.604542779178, 18.1157404475218, 31.8834780132321, 
-136.149734220521, -205.297528852562, -281.737615883524, -364.833476664385, 
-450.630026623606, -309.073671258907, -172.644242654932, -160.357825011621, 
-250.996587330361, -258.173308597895, -248.393322825085, -176.998153319672, 
-93.4403905343925, -149.29697291292, -175.797517696183, -139.008739285642, 
-5.21945846973452, -23.1827573102178, -88.0101557595635, -270.205823505475, 
-329.947368026288, -333.942183211554, -320.000644550959, -252.754991947116, 
-226.238403617875, -274.889944412093, -375.916829989392, -408.030710977421, 
-391.593200602476, -319.922796921118, -236.448572838802, -142.292970973392, 
-55.9867930576005, 169.691125896482, 172.76304851331, 132.179889338533, 
85.7192299019899, 56.7640593731323, -17.0413785825273, -30.7627611821503, 
-0.943188579051825, 77.6389075665989, 159.608853875001, 206.226945357979, 
268.180314520398, 113.966377788217, 4.30299209527217, -189.682073275289, 
-250.802069327984, -276.114529921461, -216.137261335023, 212.876690534746, 
314.660735435729, 235.680444795169, 138.590168690877, -60.6592092472657, 
-110.832892586367, -189.68460354913, -237.332970817333, -170.785211315129, 
-68.383726338712, 4.80333269572523, 25.5821330502568, -97.932922545489, 
-225.466692770209, -303.80486335546, -222.055069066972, -96.163993172862, 
-24.0753737373461, 60.4281045559702, 138.312398121951, 215.322598674387, 
254.003656532215, 121.028116110348, -87.3621619526472, -136.608857912291, 
-152.686667966384, -129.983979772979, -51.7955059440116, 60.2163213021885, 
-117.693796690579, -256.007663756329, -272.07138558914, -232.402746520809, 
-169.074115259463, -148.186176918551, -213.077654566329, -283.246262414654, 
-346.293665340811, -335.500132099828, -304.198034792955, -96.4705194344041, 
27.4754994503812, 16.3301235431995, -162.739845365103, -230.244538311064, 
-308.837795871786, -398.975852383041, -464.89013430892, -416.689647838347, 
-247.664312601443, -169.660659123008, -178.40319335737, -256.048649322018, 
-257.157881436325, -227.837480540886, -144.352307717868, -101.230716956031, 
-167.997844507409, -166.475701081225, -103.862330408418, 0.586890165820895, 
-33.0930962105954, -164.662285636921, -298.66859051194, -332.494822247088, 
-330.431361094003, -291.261136281131, -238.558642772255, -238.805612129609, 
-302.891078936603, -408.319704707884, -404.562771539684, -368.871139066674, 
-289.474010829078, -203.795729531603, -99.4644331016871, -56.9930305310661
), .Names = c("handle_A1", "handle_A2", "handle_A3", "handle_A4", 
"handle_A5", "handle_A6", "handle_A7", "handle_A8", "handle_A9", 
"handle_A10", "handle_A11", "handle_A12", "handle_A13", "handle_A14", 
"handle_A15", "handle_A16", "handle_A17", "handle_A18", "handle_A19", 
"handle_A20", "handle_A21", "handle_A22", "handle_A23", "handle_A24", 
"handle_A25", "handle_A26", "handle_A27", "handle_A28", "handle_A29", 
"handle_A30", "handle_A31", "handle_A32", "handle_A33", "handle_A34", 
"handle_A35", "handle_A36", "handle_A37", "handle_A38", "handle_A39", 
"handle_A40", "handle_A41", "handle_A42", "handle_A43", "handle_A44", 
"handle_A45", "handle_A46", "handle_A47", "handle_A48", "handle_A49", 
"handle_A50", "handle_A51", "handle_A52", "handle_A53", "handle_A54", 
"handle_A55", "handle_A56", "handle_A57", "handle_A58", "handle_A59", 
"handle_A60", "handle_A61", "handle_A62", "handle_A63", "handle_A64", 
"handle_A65", "handle_A66", "handle_A68", "handle_A69", "handle_A70", 
"handle_A71", "handle_A72", "handle_A73", "handle_A74", "handle_A75", 
"handle_A76", "handle_A77", "handle_A78", "handle_A79", "handle_A80", 
"handle_A81", "handle_A82", "handle_A83", "handle_A84", "handle_A85", 
"handle_A86", "handle_A87", "handle_A88", "handle_A89", "handle_A90", 
"handle_A91", "handle_A92", "handle_A93", "handle_A94", "handle_A95", 
"handle_A96", "node1", "node2", "node3", "node4", "node5", "node6", 
"node7", "node8", "node9", "node10", "node11", "node12", "node13", 
"node14", "node15", "node16", "node17", "node18", "node20", "node21", 
"node22", "node23", "node24", "node25", "node26", "node27", "node28", 
"node29", "node30", "node31", "node32", "node33", "node34", "node35", 
"node36", "node37", "node38", "node39", "node40", "node41", "node42", 
"node43", "node44", "node45", "node46", "node47", "node48", "node49", 
"node50", "node51", "node52", "node53", "node54", "node55", "node56", 
"node57", "node58", "node59", "node60", "node61", "node62", "node63", 
"node64", "node65", "node66", "node67", "node68", "node69", "node70", 
"node71", "node72", "node73", "node74", "node75", "node76", "node77", 
"node78", "node79", "node80", "node81", "node82", "node83", "node84", 
"node85", "node86", "node87", "node88", "node89", "node90", "node91", 
"node92", "node93", "node94", "node95", "node96"), class = "minsymvec"), 
    overunderobj = structure(c(2, 2, 39, 24, 31, 7, 24, 38, 12, 
    12, 32, 29, 16, 17, 46, 29, 32, 45, 23, 40, 4, 5, 6, 30, 
    8, 9, 41, 22, 15, 15, 27, 35, 26, 47, 48, 36), .Dim = c(18L, 
    2L)), symobj = structure(list(Mver = NULL, xver = 19, Mhor = NULL, 
        xhor = NULL, Mrot = NULL, exact_h = NULL, exact_v = NULL, 
        mcdonalds = FALSE, celtic = FALSE, reefknot = FALSE, 
        center_crossing = FALSE, indep = structure(c(TRUE, TRUE, 
        TRUE, TRUE, TRUE, TRUE, TRUE, TRUE, TRUE, TRUE, TRUE, 
        TRUE, TRUE, TRUE, TRUE, TRUE, TRUE, TRUE, TRUE, TRUE, 
        TRUE, TRUE, TRUE, TRUE, TRUE, TRUE, TRUE, TRUE, TRUE, 
        TRUE, TRUE, TRUE, TRUE, TRUE, TRUE, TRUE, TRUE, TRUE, 
        TRUE, TRUE, TRUE, TRUE, TRUE, TRUE, TRUE, TRUE, TRUE, 
        TRUE, TRUE, TRUE, TRUE, TRUE, TRUE, TRUE, TRUE, TRUE, 
        TRUE, TRUE, TRUE, TRUE, TRUE, TRUE, TRUE, TRUE, TRUE, 
        TRUE, FALSE, TRUE, TRUE, TRUE, TRUE, TRUE, TRUE, TRUE, 
        TRUE, TRUE, TRUE, TRUE, TRUE, TRUE, TRUE, TRUE, TRUE, 
        TRUE, TRUE, TRUE, TRUE, TRUE, TRUE, TRUE, TRUE, TRUE, 
        TRUE, TRUE, TRUE, TRUE, TRUE, TRUE, TRUE, TRUE, TRUE, 
        TRUE, TRUE, TRUE, TRUE, TRUE, TRUE, TRUE, TRUE, TRUE, 
        TRUE, TRUE, TRUE, TRUE, FALSE, TRUE, TRUE, TRUE, TRUE, 
        TRUE, TRUE, TRUE, TRUE, TRUE, TRUE, TRUE, TRUE, TRUE, 
        TRUE, TRUE, TRUE, TRUE, TRUE, TRUE, TRUE, TRUE, TRUE, 
        TRUE, TRUE, TRUE, TRUE, TRUE, TRUE, TRUE, TRUE, TRUE, 
        TRUE, TRUE, TRUE, TRUE, TRUE, TRUE, TRUE, TRUE, TRUE, 
        TRUE, TRUE, TRUE, TRUE, TRUE, TRUE, TRUE, TRUE, TRUE, 
        TRUE, TRUE, TRUE, TRUE, TRUE, TRUE, TRUE, TRUE, TRUE, 
        TRUE, TRUE, TRUE, TRUE, TRUE, TRUE, TRUE, TRUE, TRUE, 
        TRUE, TRUE, TRUE, TRUE, TRUE, TRUE, TRUE, TRUE, TRUE, 
        TRUE),