`satellite` <-
structure(list(minsymvec = structure(c(130.350998810762, 187.249694444739, 
142.999496096882, 102.338882623757, 75.8557770701129, 3.24263659991103, 
-33.5576485305345, -8.6299038291221, 32.9598150313623, 156.064009572904, 
179.798610445321, 319.7199890715, 157.70377808848, 26.1445048302652, 
-160.752431852538, -229.962772728461, -282.717439690951, -262.024911318892, 
-80.5329938017515, 148.756311324962, 325.395946941481, 257.882069164889, 
195.357251887133, -32.6212332781643, -106.539323105035, -160.28022635884, 
-244.822667692277, -200.675378292889, -107.383358645859, -6.21606612974301, 
29.1120489627158, -24.9959520838141, -212.265358394189, -300.935752175307, 
-269.292047149396, -132.144347781935, -46.4887426374184, 14.9028224413084, 
106.339065893516, 189.790031716223, 257.840320381975, 233.657297734116, 
-79.4455473576543, -124.86419686757, -156.475905199521, -141.835853826748, 
-104.368530645671, 40.0730979227287, -62.6254560550792, -240.108954426006, 
-275.234776449328, -263.322536936094, -201.833126518886, -130.19259126223, 
-196.287505232809, -262.333863133043, -342.974167190768, -335.281325010515, 
-319.872455487047, -178.589084212093, 17.4064451840047, 30.6441186468185, 
-139.826929635107, -207.605871195696, -278.553598086819, -363.531710696465, 
-448.339597224735, -306.478262588101, -173.844826893262, -163.921780150277, 
-251.20924273325, -258.244662662104, -246.969504101091, -178.238229448194, 
-89.7956775831406, -151.361890334481, -177.670183666795, -138.784530687271, 
-0.63206620091979, -24.1716889010676, -89.6349052441552, -265.463288958307, 
-325.850526893256, -336.149492591787, -320.395627962336, -249.702717895875, 
-227.653256594431, -271.234457929071, -375.849145970941, -407.293577858665, 
-393.599197226916, -323.415977789174, -240.052251205045, -145.595974793445, 
-55.6230843594344, 168.438030675391, 173.396816900111, 131.588643570644, 
86.8607331509878, 57.3769397157911, -17.454381848735, -28.5167738558139, 
3.04830893452881, 76.6266922062872, 159.254423543803, 200.712718196922, 
274.692009370796, 109.370190213552, 2.87236839344511, -187.710899008799, 
-250.286800134105, -280.333851793128, -218.256396168318, 209.350344022084, 
320.952274530942, 234.987597993736, 139.331531143508, -60.659575360615, 
-113.040987462285, -190.907883151456, -238.743054991605, -168.000742807188, 
-68.3815889250066, 4.65047837866277, 22.4180660717814, -89.8104651472078, 
-225.170620644105, -307.371251352099, -222.602441523728, -95.7217415189649, 
-21.0192501499623, 60.0614229425397, 136.092985162179, 214.290025363817, 
256.340851076771, 126.462815730809, -88.5489728060334, -142.296996559055, 
-151.859709468425, -128.870892886296, -47.5324971489371, 62.3508317418478, 
-116.99066882516, -256.981796961027, -273.14803962359, -231.878228115721, 
-169.185523844475, -148.93142686941, -213.820889836171, -284.605684397083, 
-350.786204373476, -333.1849858846, -300.140564637397, -95.7269037186853, 
28.2291359268166, 16.0016948260125, -167.687452882551, -235.25854924349, 
-307.575985117687, -395.09923764974, -461.11040202625, -415.589821654648, 
-244.926126378276, -170.277892943861, -179.590937717761, -256.310069139325, 
-256.696450246927, -226.307416311265, -144.338850709221, -99.1623400012645, 
-170.614848926292, -168.467613424038, -107.464731389781, 8.00480304812164, 
-33.6226728093647, -168.876931548226, -296.173294502577, -330.080838123976, 
-331.350303892627, -289.642675529662, -236.097462412153, -240.323789513431, 
-301.539040253379, -405.729174805538, -404.518564936303, -368.26725072356, 
-288.858860594446, -206.13872732765, -102.023846545046, -56.2802241021441
), .Names = c("handle_A1", "handle_A2", "handle_A3", "handle_A4", 
"handle_A5", "handle_A6", "handle_A7", "handle_A8", "handle_A9", 
"handle_A10", "handle_A11", "handle_A12", "handle_A13", "handle_A14", 
"handle_A15", "handle_A16", "handle_A17", "handle_A18", "handle_A19", 
"handle_A20", "handle_A21", "handle_A22", "handle_A23", "handle_A24", 
"handle_A25", "handle_A26", "handle_A27", "handle_A28", "handle_A29", 
"handle_A30", "handle_A31", "handle_A32", "handle_A33", "handle_A34", 
"handle_A35", "handle_A36", "handle_A37", "handle_A38", "handle_A39", 
"handle_A40", "handle_A41", "handle_A42", "handle_A43", "handle_A44", 
"handle_A45", "handle_A46", "handle_A47", "handle_A48", "handle_A49", 
"handle_A50", "handle_A51", "handle_A52", "handle_A53", "handle_A54", 
"handle_A55", "handle_A56", "handle_A57", "handle_A58", "handle_A59", 
"handle_A60", "handle_A61", "handle_A62", "handle_A63", "handle_A64", 
"handle_A65", "handle_A66", "handle_A68", "handle_A69", "handle_A70", 
"handle_A71", "handle_A72", "handle_A73", "handle_A74", "handle_A75", 
"handle_A76", "handle_A77", "handle_A78", "handle_A79", "handle_A80", 
"handle_A81", "handle_A82", "handle_A83", "handle_A84", "handle_A85", 
"handle_A86", "handle_A87", "handle_A88", "handle_A89", "handle_A90", 
"handle_A91", "handle_A92", "handle_A93", "handle_A94", "handle_A95", 
"handle_A96", "node1", "node2", "node3", "node4", "node5", "node6", 
"node7", "node8", "node9", "node10", "node11", "node12", "node13", 
"node14", "node15", "node16", "node17", "node18", "node20", "node21", 
"node22", "node23", "node24", "node25", "node26", "node27", "node28", 
"node29", "node30", "node31", "node32", "node33", "node34", "node35", 
"node36", "node37", "node38", "node39", "node40", "node41", "node42", 
"node43", "node44", "node45", "node46", "node47", "node48", "node49", 
"node50", "node51", "node52", "node53", "node54", "node55", "node56", 
"node57", "node58", "node59", "node60", "node61", "node62", "node63", 
"node64", "node65", "node66", "node67", "node68", "node69", "node70", 
"node71", "node72", "node73", "node74", "node75", "node76", "node77", 
"node78", "node79", "node80", "node81", "node82", "node83", "node84", 
"node85", "node86", "node87", "node88", "node89", "node90", "node91", 
"node92", "node93", "node94", "node95", "node96"), class = "minsymvec"), 
    overunderobj = structure(c(2, 2, 39, 24, 31, 7, 24, 38, 12, 
    12, 32, 29, 16, 17, 46, 29, 32, 45, 23, 40, 4, 5, 6, 30, 
    8, 9, 41, 22, 15, 15, 27, 35, 26, 47, 48, 36), .Dim = c(18L, 
    2L)), symobj = structure(list(Mver = NULL, xver = 19, Mhor = NULL, 
        xhor = NULL, Mrot = NULL, exact_h = NULL, exact_v = NULL, 
        mcdonalds = FALSE, celtic = FALSE, reefknot = FALSE, 
        center_crossing = FALSE, indep = structure(c(TRUE, TRUE, 
        TRUE, TRUE, TRUE, TRUE, TRUE, TRUE, TRUE, TRUE, TRUE, 
        TRUE, TRUE, TRUE, TRUE, TRUE, TRUE, TRUE, TRUE, TRUE, 
        TRUE, TRUE, TRUE, TRUE, TRUE, TRUE, TRUE, TRUE, TRUE, 
        TRUE, TRUE, TRUE, TRUE, TRUE, TRUE, TRUE, TRUE, TRUE, 
        TRUE, TRUE, TRUE, TRUE, TRUE, TRUE, TRUE, TRUE, TRUE, 
        TRUE, TRUE, TRUE, TRUE, TRUE, TRUE, TRUE, TRUE, TRUE, 
        TRUE, TRUE, TRUE, TRUE, TRUE, TRUE, TRUE, TRUE, TRUE, 
        TRUE, FALSE, TRUE, TRUE, TRUE, TRUE, TRUE, TRUE, TRUE, 
        TRUE, TRUE, TRUE, TRUE, TRUE, TRUE, TRUE, TRUE, TRUE, 
        TRUE, TRUE, TRUE, TRUE, TRUE, TRUE, TRUE, TRUE, TRUE, 
        TRUE, TRUE, TRUE, TRUE, TRUE, TRUE, TRUE, TRUE, TRUE, 
        TRUE, TRUE, TRUE, TRUE, TRUE, TRUE, TRUE, TRUE, TRUE, 
        TRUE, TRUE, TRUE, TRUE, FALSE, TRUE, TRUE, TRUE, TRUE, 
        TRUE, TRUE, TRUE, TRUE, TRUE, TRUE, TRUE, TRUE, TRUE, 
        TRUE, TRUE, TRUE, TRUE, TRUE, TRUE, TRUE, TRUE, TRUE, 
        TRUE, TRUE, TRUE, TRUE, TRUE, TRUE, TRUE, TRUE, TRUE, 
        TRUE, TRUE, TRUE, TRUE, TRUE, TRUE, TRUE, TRUE, TRUE, 
        TRUE, TRUE, TRUE, TRUE, TRUE, TRUE, TRUE, TRUE, TRUE, 
        TRUE, TRUE, TRUE, TRUE, TRUE, TRUE, TRUE, TRUE, TRUE, 
        TRUE, TRUE, TRUE, TRUE, TRUE, TRUE, TRUE, TRUE, TRUE, 
        TRUE, TRUE, TRUE, TRUE, TRUE, TRUE, TRUE, TRUE, TRUE, 
        TRUE),