`trefoil_of_trefoils` <-
structure(list(minsymvec = structure(c(77.1072066975343, -140.245019841892, 
-145.807990708936, -71.6263977648067, -96.6714857470275, -86.9637840659512, 
217.440844688177, 385.808484548182, 90.3204761978045, 214.040384678941, 
-161.062064573608, -89.5434501241197, -96.2314620444086, -50.0438148041004, 
193.679027313954, 273.756443515223, 392.42054546046, 60.5949048809832, 
130.132290134906, 286.230424314763), .Names = c("handle_A2", 
"handle_A3", "handle_A4", "handle_A17", "handle_A28", "handle_A29", 
"handle_A33", "handle_A34", "handle_A58", "handle_A59", "node3", 
"node4", "node28", "node29", "node32", "node33", "node34", "node47", 
"node58", "node59"), class = "minsymvec"), overunderobj = structure(c(2, 
29, 5, 7, 27, 9, 15, 12, 17, 19, 25, 22, 6, 3, 30, 18, 8, 13, 
10, 16, 28, 23, 20, 26), .Dim = c(12L, 2L)), symobj = structure(list(
    Mver = structure(c(4, 3, 29, 28, 30, 1, 5, 6), .Dim = c(4L, 
    2L)), xver = c(2, 17), Mhor = NULL, xhor = NULL, Mrot = structure(c(4, 
    30, 3, 1, 29, 5, 2, 28, 6, 17, 24, 20, 23, 21, 19, 25, 22, 
    18, 26, 7, 14, 10, 13, 11, 9, 15, 12, 8, 16, 27), .Dim = c(10L, 
    3L)), mcdonalds = FALSE, celtic = FALSE, indep = structure(c(FALSE, 
    TRUE, TRUE, TRUE, FALSE, FALSE, FALSE, FALSE, FALSE, FALSE, 
    FALSE, FALSE, FALSE, FALSE, FALSE, FALSE, TRUE, FALSE, FALSE, 
    FALSE, FALSE, FALSE, FALSE, FALSE, FALSE, FALSE, FALSE, TRUE, 
    TRUE, FALSE, FALSE, FALSE, TRUE, TRUE, FALSE, FALSE, FALSE, 
    FALSE, FALSE, FALSE, FALSE, FALSE, FALSE, FALSE, FALSE, FALSE, 
    FALSE, FALSE, FALSE, FALSE, FALSE, FALSE, FALSE, FALSE, FALSE, 
    FALSE, FALSE, TRUE, TRUE, FALSE, FALSE, FALSE, TRUE, TRUE, 
    FALSE, FALSE, FALSE, FALSE, FALSE, FALSE, FALSE, FALSE, FALSE, 
    FALSE, FALSE, FALSE, FALSE, FALSE, FALSE, FALSE, FALSE, FALSE, 
    FALSE, FALSE, FALSE, FALSE, FALSE, TRUE, TRUE, FALSE, FALSE, 
    TRUE, TRUE, TRUE, FALSE, FALSE, FALSE, FALSE, FALSE, FALSE, 
    FALSE, FALSE, FALSE, FALSE, FALSE, FALSE, TRUE, FALSE, FALSE, 
    FALSE, FALSE, FALSE, FALSE, FALSE, FALSE, FALSE, FALSE, TRUE, 
    TRUE, FALSE), .Names = c("handle_A1", "handle_A2", "handle_A3", 
    "handle_A4", "handle_A5", "handle_A6", "handle_A7", "handle_A8", 
    "handle_A9", "handle_A10", "handle_A11", "handle_A12", "handle_A13", 
    "handle_A14", "handle_A15", "handle_A16", "handle_A17", "handle_A18", 
    "handle_A19", "handle_A20", "handle_A21", "handle_A22", "handle_A23", 
    "handle_A24", "handle_A25", "handle_A26", "handle_A27", "handle_A28", 
    "handle_A29", "handle_A30", "handle_A31", "handle_A32", "handle_A33", 
    "handle_A34", "handle_A35", "handle_A36", "handle_A37", "handle_A38", 
    "handle_A39", "handle_A40", "handle_A41", "handle_A42", "handle_A43", 
    "handle_A44", "handle_A45", "handle_A46", "handle_A47", "handle_A48", 
    "handle_A49", "handle_A50", "handle_A51", "handle_A52", "handle_A53", 
    "handle_A54", "handle_A55", "handle_A56", "handle_A57", "handle_A58", 
    "handle_A59", "handle_A60", "node1", "node2", "node3", "node4", 
    "node5", "node6", "node7", "node8", "node9", "node10", "node11", 
    "node12", "node13", "node14", "node15", "node16", "node17", 
    "node18", "node19", "node20", "node21", "node22", "node23", 
    "node24", "node25", "node26", "node27", "node28", "node29", 
    "node30", "node31", "node32", "node33", "node34", "node35", 
    "node36", "node37", "node38", "node39", "node40", "node41", 
    "node42", "node43", "node44", "node45", "node46", "node47", 
    "node48", "node49", "node50", "node51", "node52", "node53", 
    "node54", "node55", "node56", "node57", "node58", "node59", 
    "node60"))), .Names = c("Mver", "xver", "Mhor", "xhor", "Mrot", 
"mcdonalds", "celtic", "indep"))), .Names = c("minsymvec", "overunderobj", 
"symobj"), class = "knot")
