`triloop` <-	
structure(list(minsymvec = structure(c(-83.2386873857025, -65.7547413703563, 
-242.358806356226, -230.766453247193, 85.5109638867444, 179.255689845662, 
232.165189703313, -58.1547881917785, -136.202726735703, -143.410122650897, 
129.822288826958, 62.6509878217846, 204.982668261823, 286.958941204323
), .Names = c("handle_A4", "handle_A10", "handle_A15", "handle_A20", 
"handle_A25", "handle_A36", "handle_A41", "node4", "node15", 
"node20", "node25", "node31", "node36", "node41"), class = "minsymvec"), 
    overunderobj = structure(c(1, 12, 3, 10, 5, 8, 19, 17, 15, 
    6, 2, 18, 4, 16, 13, 9, 11, 20), .Dim = c(9L, 2L)), symobj = structure(list(
        Mver = structure(c(20, 15, 4, 14, 19, 3, 18, 8, 13, 21, 
        5, 16, 6, 1, 17, 2, 12, 7), .Dim = c(9L, 2L)), xver = 10, 
        Mhor = NULL, xhor = NULL, Mrot = structure(c(15, 16, 
        10, 4, 5, 20, 21, 1, 2, 17, 11, 12, 6, 7, 8, 9, 3, 18, 
        19, 13, 14), .Dim = c(7L, 3L)), exact_h = NULL, exact_v = NULL, 
        mcdonalds = FALSE, celtic = FALSE, reefknot = FALSE, 
        center_crossing = FALSE, indep = structure(c(FALSE, FALSE, 
        FALSE, TRUE, FALSE, FALSE, FALSE, FALSE, FALSE, TRUE, 
        FALSE, FALSE, FALSE, FALSE, TRUE, FALSE, FALSE, FALSE, 
        FALSE, TRUE, FALSE, FALSE, FALSE, FALSE, TRUE, FALSE, 
        FALSE, FALSE, FALSE, FALSE, FALSE, FALSE, FALSE, FALSE, 
        FALSE, TRUE, FALSE, FALSE, FALSE, FALSE, TRUE, FALSE, 
        FALSE, FALSE, FALSE, TRUE, FALSE, FALSE, FALSE, FALSE, 
        FALSE, FALSE, FALSE, FALSE, FALSE, FALSE, TRUE, FALSE, 
        FALSE, FALSE, FALSE, TRUE, FALSE, FALSE, FALSE, FALSE, 
        TRUE, FALSE, FALSE, FALSE, FALSE, FALSE, TRUE, FALSE, 
        FALSE, FALSE, FALSE, TRUE, FALSE, FALSE, FALSE, FALSE, 
        TRUE, FALSE), .Names = c("handle_A1", "handle_A2", "handle_A3", 
        "handle_A4", "handle_A5", "handle_A6", "handle_A7", "handle_A8", 
        "handle_A9", "handle_A10", "handle_A11", "handle_A12", 
        "handle_A13", "handle_A14", "handle_A15", "handle_A16", 
        "handle_A17", "handle_A18", "handle_A19", "handle_A20", 
        "handle_A21", "handle_A22", "handle_A23", "handle_A24", 
        "handle_A25", "handle_A26", "handle_A27", "handle_A28", 
        "handle_A29", "handle_A30", "handle_A31", "handle_A32", 
        "handle_A33", "handle_A34", "handle_A35", "handle_A36", 
        "handle_A37", "handle_A38", "handle_A39", "handle_A40", 
        "handle_A41", "handle_A42", "node1", "node2", "node3", 
        "node4", "node5", "node6", "node7", "node8", "node9", 
        "node10", "node11", "node12", "node13", "node14", "node15", 
        "node16", "node17", "node18", "node19", "node20", "node21", 
        "node22", "node23", "node24", "node25", "node26", "node27", 
        "node28", "node29", "node30", "node31", "node32", "node33", 
        "node34", "node35", "node36", "node37", "node38", "node39", 
        "node40", "node41", "node42"))), .Names = c("Mver", "xver", 
    "Mhor", "xhor", "Mrot", "exact_h", "exact_v", "mcdonalds", 
    "celtic", "reefknot", "center_crossing", "indep"))), .Names = c("minsymvec", 
"overunderobj", "symobj"), class = "knot")
